<new sheet>
sheet_name: GDP at Constant Prices

,,GDP Constant Prices (2002),Agriculture,Industry,Services,GDP Constant Prices (2010),Agriculture,Industry,Services,GDP Constant Prices (2015),Agriculture,Industry,Services
2002.0,Q1,412130,68404,114780,228947,,,,,,,,
,Q2,394341,55531,109238,229572,,,,,,,,
,Q3,420803,60692,118038,242073,,,,,,,,
,Q4,408762,48988,116209,243566,,,,,,,,
2003.0,Q1,436083,69301,119990,246793,,,,,,,,
,Q2,414456,54395,113266,246795,,,,,,,,
,Q3,446250,62586,122960,260704,,,,,,,,
,Q4,436433,51249,123431,261754,,,,,,,,
2004.0,Q1,462392,68446,127171,266775,,,,,,,,
,Q2,439177,57304,119274,262600,,,,,,,,
,Q3,468176,61711,130691,275774,,,,,,,,
,Q4,457852,50075,128466,279311,,,,,,,,
2005.0,Q1,486316,67535,138130,280651,,,,,,,,
,Q2,467497,58263,127341,281892,,,,,,,,
,Q3,500551,64575,140761,295214,,,,,,,,
,Q4,487308,51477,139749,296082,,,,,,,,
2006.0,Q1,524440,74183,148122,302135,,,,,,,,
,Q2,503380,61507,137930,303942,,,,,,,,
,Q3,539205,67172,152560,319473,,,,,,,,
,Q4,523540,54286,151685,317569,,,,,,,,
2007.0,Q1,556683,74578,158330,323774,,,,,,,,
,Q2,535752,63805,148275,323672,,,,,,,,
,Q3,576881,69744,164046,343090,,,,,,,,
,Q4,563340,57742,164546,341051,,,,,,,,
2008.0,Q1,591454,78959,167860,344635,,,,,,,,
,Q2,573180,68503,158577,346101,,,,,,,,
,Q3,613456,78382,173170,361904,,,,,,,,
,Q4,587411,60054,173184,354173,,,,,,,,
2009.0,Q1,601084,81774,171058,348252,,,,,,,,
,Q2,585465,71943,163366,350156,,,,,,,,
,Q3,639326,78018,180827,380481,,,,,,,,
,Q4,623338,63361,185877,374099,,,,,,,,
2010.0,Q1,643504,89177,182780,371547,1414947.969484231,125143.33536842518,420466.23231385765,793066.1158019481,,,,
,Q2,635087,76486,178432,380169,1523775.6524425787,134024.87816669018,421968.2061019442,834570.084173944,,,,
,Q3,690209,82724,196719,410767,1646379.1396062505,130651.86723008013,451895.24508760415,916043.164288566,,,,
,Q4,676742,67224,202404,407114,1828565.6808200036,155094.1656583402,414537.4917583596,960643.4874033041,,,,
2011.0,Q1,695038,85264,203086,406689,1553922.5717128643,124300.58776950267,463886.35669888,885694.2882444818,,,,
,Q2,686823,77896,195360,413567,1633648.9091327963,141856.5099636671,430576.75924663,925935.7069224992,,,,
,Q3,748744,88138,217903,442703,1797735.2079922447,141787.37568119657,514289.3390792038,978146.5252318442,,,,
,Q4,733086,68857,222583,441646,1967413.4771020957,162009.51297305213,458194.6949526938,1027378.3211763497,,,,
2012.0,Q1,750760,95517,225057,430186,1804428.2816890643,140834.52960014503,561316.7185930765,1015239.9104958427,,,,
,Q2,730641,84539,213953,432150,1792831.0714885804,142694.98681152388,476020.8843832568,1029111.6222937999,,,,
,Q3,784422,87680,233832,462909,1890856.012127832,142670.8505930903,501105.4068549655,1082877.2926797762,,,,
,Q4,779465,69080,252311,458073,2100401.458896095,166243.1108835051,497158.286597262,1118232.019415328,,,,
2013.0,Q1,796720,98718,249167,448834,1869884.4552604724,143979.83868842875,599137.0740467558,1044936.7475252877,,,,
,Q2,779974,83575,235635,460763,1898774.0992075633,148220.41309084592,504662.1132171923,1108661.184899525,,,,
,Q3,845869,93783,252766,499319,1967019.2060861653,149022.26251151133,514999.2513719382,1142589.2342027156,,,,
,Q4,843246,76274,279317,487655,2110524.68399412,170453.55994674275,500281.98404385307,1109457.3190035243,,,,
2014.0,Q1,857497,98909,280509,478078,1893855.704188454,155220.85155824103,593726.0396162017,1059945.5990140112,,,,
,Q2,840653,88985,264403,487266,1940159.8381923712,154562.39288574675,496918.5864483833,1145933.043858241,,,,
,Q3,911064,92112,284602,534350,2067659.576430224,153049.58656753396,561307.0175690481,1174066.4102936422,,,,
,Q4,897013,73794,302940,520279,2333753.982428791,176862.7947268864,566759.1635708776,1238556.2561310271,,,,
2015.0,Q1,912534,99623,298769,514141,1968107.9228316613,161827.86579219069,585377.1563164578,1127753.750723013,2879804.0391921564,227711.25067538465,911600.769170725,1556329.841700649
,Q2,889771,91274,275512,522986,2078780.8914105697,168217.06197607884,519742.5551956943,1231457.2782387964,2723714.8410109347,231561.46363904283,770568.1398545266,1500723.7496524407
,Q3,965687,104229,301354,560104,2189906.399814885,162078.5297755114,581753.2273446923,1253787.3676946815,2969374.398094222,231633.28817766788,892682.7013340876,1595840.727488135
,Q4,937570,75790,311102,550678,2411037.9598806193,177601.07288622312,580852.2786023031,1281718.517392093,2994094.086118396,259546.27709941665,841506.4545214952,1617641.1924595337
2016.0,Q1,,,,,2089990.2694718812,153358.48234645065,672276.6307589281,1165741.2983665024,3074135.596013348,216837.36796543235,989100.3903342522,1631724.7124311486
,Q2,,,,,2119808.8079490154,157643.2026580948,524639.9931499569,1273265.1111409636,2842662.6639379757,216316.06003196692,785768.1364936478,1556740.5425288281
,Q3,,,,,2287678.82424681,166920.5761366717,591277.9009809922,1326219.5811291456,3056172.557181019,234438.03646294546,941620.5170802737,1680308.9728329985
,Q4,,,,,2538352.0385379847,166732.375839644,608638.4719396031,1362389.4447587377,3178568.6596031976,238508.68509233752,953616.6235192637,1699117.5656187986
2017.0,Q1,,,,,2162979.012838383,146483.1679699042,698249.1353858743,1217353.5054826047,3299079.5854979274,203429.18474747753,1122920.9110949722,1697317.8284141899
,Q2,,,,,2198359.469848951,153459.90406752832,553690.7284282084,1322957.579353214,2966173.7615543725,206722.1041918061,892374.3211843849,1603123.4659688289
,Q3,,,,,2364714.992103225,163483.82428701062,622860.1418783221,1363996.7429378924,3239169.6077469103,225919.1780375247,1020944.7027495509,1736830.6461046748
,Q4,,,,,2633093.8241507104,178732.26043357968,634621.3702429251,1409127.0814742052,3432188.8898012596,253486.62556309637,1109572.7189949295,1770285.0533320038
2018.0,Q1,,,,,2246947.1642404962,155679.38110708955,709304.9311205675,1279964.3010128394,3421635.3185964837,222246.27739640223,1154942.1970794196,1778319.2768843388
,Q2,,,,,2283644.7146757096,160910.9102481999,572000.7414407263,1383840.7499867834,3121491.457348543,217521.6955635326,960582.8454025432,1675436.412349479
,Q3,,,,,2447651.927996213,166191.78687823963,646488.9300907501,1423591.2940272237,3381562.177569833,226546.67169707888,1076924.9083735524,1812046.176079719
,Q4,,,,,2687134.810288887,196919.62123123734,613391.472945385,1467928.305112265,3310769.357721025,278977.28733817936,909016.992527961,1833281.6770993986
2019.0,Q1,,,,,2339696.1466451264,165856.81455130296,738024.2516899821,1332473.0234038413,3416840.9851057134,233807.0246845195,1078402.075181681,1863872.101918912
,Q2,,,,,2313579.2451443006,166480.78589731193,581293.754494444,1394573.3117525445,3066814.0826743306,223726.54069150958,890397.5036475579,1696792.7548820477
,Q3,,,,,2505503.2029795777,170480.21905789542,667958.1442533528,1451961.6236683296,3421976.663091625,234333.85532896954,1065394.4224345125,1866631.558718796
,Q4,,,,,2731689.2383079394,185258.2718035548,620913.2035412005,1504952.0519631843,3300644.1995437504,257714.09402506557,899534.0162894651,1879739.4949291556
2020.0,Q1,,,,,2295980.9951965953,154136.95659347187,678957.3963128028,1370662.777290321,3386606.939828616,224001.34618793256,1030038.1307257263,1917377.678146355
,Q2,,,,,1933385.4804067756,153421.48821514874,447454.9129580698,1213312.9562335573,2541220.7508973368,215263.7490672192,720904.8201823756,1473013.0505019394
,Q3,,,,,2537121.856532074,176393.75518114277,671509.782707689,1480341.6126432428,3382766.530239202,244218.8793954993,1058130.8674992518,1875862.8193582338
,Q4,,,,,2766420.182758426,188977.46585320763,629949.8718315496,1530858.8980736686,3284955.8196656853,257562.065275154,915492.2314580265,1900252.0297489853
2021.0,Q1,,,,,2392802.095889244,160529.84379392132,718919.6241945719,1410872.5089007511,3537999.23370407,233575.26433802076,1097761.8715783677,1999973.514973435
,Q2,,,,,2173918.8142824965,168402.49293939094,548920.1621794979,1302247.0536763615,2893051.391727015,240190.4420411109,883910.6728609893,1583741.0959687543
,Q3,,,,,2499797.0128869065,177889.35423227618,660683.1911216924,1457506.7905329377,3275810.5260379934,236244.35752865308,1039388.5102106809,1846925.397428465
,Q4,,,,,2814878.659829698,179656.07569415044,628475.3466663384,1589681.7904692097,3331072.850325113,239919.33015231465,916818.7035744023,1983610.3543282023
2022.0,Q1,,,,,,,,,3519400.064543898,223222.07358957877,1057366.1208765362,2035646.4063522667
,Q2,,,,,,,,,2680074.1036783117,221249.0153491556,794226.8518183007,1554497.2784876833
,Q3,,,,,,,,,2900653.903160009,220361.54162732075,817545.1562625406,1768873.2536084095
,Q4,,,,,,,,,2917720.7506058705,241672.5643662853,640626.123752808,1906077.9085406142
2023.0,Q1,,,,,,,,,3114187.314755946,224946.4721632997,809637.7246484827,1934824.2331440488
,Q2,,,,,,,,,2597439.913299218,229304.71166083982,702638.1853163978,1541491.9993219802
,Q3,,,,,,,,,,,,
,Q4,,,,,,,,,,,,

,"Source: Department of Census and Statisticis, Sri Lanka",,,,,,,,,,,,
,http://www.statistics.gov.lk/NationalAccounts/StaticalInformation/GDP,,,,,,,,,,,,

