<new sheet>
sheet_name: Old Base
,,,,,,,,,,,,,2012 = 100
Period,,Agriculture,,,Industry,,,Services,,,Informal Private Sector ,,
,,NWRI ,RWRI*,RWRI**,NWRI ,RWRI*,RWRI**,NWRI ,RWRI*,RWRI**,NWRI ,RWRI*,RWRI**
Index Numbers,,,,,,,,,,,,,
2006,Jan,44.55547602080365,86.99772094346105,,48.32831374103058,94.36445366551773,,50.764536878201305,99.12135179728993,,48.67117520349578,95.03391494161065,
,Feb,44.7858895538454,86.64762188744949,,50.03903014747696,96.81091538040003,,52.18237746095797,100.95766672199615,,49.99366139389538,96.72314008677513,
,Mar,46.18048133239375,89.37514744578404,,49.355691745815925,95.52027392959859,,51.76008050576335,100.17359485084563,,49.792464861593984,96.36558044214972,
,Apr,45.907227664492495,87.5313809003653,,50.84069983798626,96.93803980678938,,52.893444197709435,100.85201060361405,,50.81476389531089,96.8885877053922,
,May,46.859497376075204,87.8983467358534,,53.06193838994243,99.53279314209955,,53.94453024941183,101.18834579703459,,52.31844562656812,98.13816049834357,
,Jun,47.24506087331468,87.07125863409328,,51.621951044803524,95.13773858120629,,53.51268973608757,98.62231441950874,,51.628068859105895,95.14901353316002,
,Jul,48.591235361731556,89.64750384005369,,52.56649672846162,96.9815890096564,,53.66876283943053,99.0151945494256,,52.31460989503067,96.51687504016871,
,Aug,48.99012713805314,90.05709418112733,,52.89947627592094,97.24353447150989,,54.20495386286181,99.64335510612841,,52.7444857780576,96.95862004734592,
,Sep,49.95459362005217,90.71425806384383,,52.488638624670635,95.31591720740015,,54.384107657821545,98.75796436592725,,52.82741686523915,95.93111622143059,
,Oct,49.23209475219277,88.27671346917546,,52.42719267263046,94.00575557165219,,54.56944244132983,97.84696464396083,,52.75065970399324,94.58575539875818,
,Nov,50.93817173949273,89.82154212138832,,53.862889014303214,94.97882607802603,,55.16181944896324,97.2692878430507,,53.88184009924408,95.01224336836317,
,Dec,50.70340844741605,88.13692411019267,,53.73098565700799,93.39971315989318,,55.534133182435966,96.53409566936382,,53.94255653587005,93.76748343540692,
2007,Jan,51.0142603895159,87.57602160815907,,53.05755587214184,91.08374058657786,,56.51659490902622,97.0218621064168,,54.13894093768129,92.94015095386187,
,Feb,51.16950789360346,85.9491636731557,,53.99556737915137,90.69608150122015,,56.559009802311344,95.00188277749996,,54.561575705727996,91.64680282538176,
,Mar,51.07513385654821,85.87527137533411,,54.5773102550584,91.7636621815345,,56.33937425721606,94.72631177127407,,54.686520523434424,91.9472830695405,
,Apr,52.25373227133697,87.16521715328687,,53.84920472036131,89.82664814464933,,56.979197603531716,95.04783517743563,,54.873200803729304,91.53479102920741,
,May,52.843631829792415,87.58426634777061,,55.06313533750398,91.262923163134,,58.998186152663834,97.78496804825988,,56.312171214473814,93.33310432098493,
,Jun,54.2527393614933,88.07745065776014,,55.642580769607974,90.3338102349176,,59.14032747314489,96.01228133738833,,56.857425583232036,92.306068878225,
,Jul,55.673585485679276,88.9818374071139,,58.17134987598911,92.97395795981296,,60.46651320953129,96.64226580789565,,58.68395962759123,93.79325057717266,
,Aug,55.77946383865152,88.0301623591576,,58.4786203342282,92.28992335696309,,60.33148774696464,95.21408590619431,,58.769936935947484,92.74967406058131,
,Sep,56.50877892718539,88.34900388028642,,58.19999653448822,90.99314862711485,,61.95336300929439,96.86137291973459,,59.46777076599488,92.97525817938522,
,Oct,57.905341877672825,87.86282815341345,,60.309908611398676,91.5114040335989,,62.53671201745793,94.8902502445641,,60.81062470025794,92.27116695429851,
,Nov,57.644253884902255,85.18285988853702,,60.45499544543207,89.3363875759898,,63.452158071391,93.76539596492634,,61.20531777035865,90.44516420449956,
,Dec,58.6926922933531,85.90429684072538,,60.974995950957066,89.24474150636713,,64.13235233703155,93.8659382793088,,61.88720201822353,90.57987229898276,
2008,Jan,61.229516568143275,86.98002681401658,,64.01649554192382,90.93908968853312,,66.24671030894275,94.10723719498019,,64.4500196411968,91.5549354422281,
,Feb,60.62871464389048,83.73267993576157,,65.53621617088439,90.51029772062829,,67.57508507183249,93.32612448055232,,65.50913181256213,90.47289224502184,
,Mar,62.13520875807062,84.53978385463556,,67.11264272902696,91.31196987389816,,68.13724261674241,92.70601770565503,,66.64841312691003,90.68034939645361,
,Apr,62.849623684505474,83.9226801320339,,68.5710801943092,91.56250255916449,,69.05753513183801,92.21206256808055,,67.74806319041403,90.46353348485724,
,May,63.5210232401634,83.67374437124569,,69.69080780166323,91.80095879398469,,69.30487195637758,91.29258069150926,,68.42213975626075,90.12979229967898,
,Jun,65.5462499897376,82.89813324054344,,71.21875296854206,90.07230274403047,,71.3128290913721,90.1912833869557,,70.24026130355804,88.83477760061942,
,Jul,66.43692837777321,83.8553332249089,,70.0836524282774,88.45815379324547,,71.49258022503807,90.23647366401676,,70.0190940447441,88.37666952093139,
,Aug,67.31859964075129,85.1064678841072,,72.55196677433673,91.72266896756842,,71.32493299344455,90.1714110444461,,71.09922637286405,89.88606504262529,
,Sep,67.24993689766241,84.87371667817096,,72.63957997512125,91.67579056336756,,72.42768357296363,91.40836376668197,,71.58375749510706,90.3432751415682,
,Oct,68.73973003105745,87.01874638481546,,73.61060979905926,93.18487259757734,,72.1791314805706,91.37274082610185,,72.13732891062806,91.31982227040749,
,Nov,67.92297101608521,86.5275170297997,,73.25652238640893,93.3219630047219,,73.07587194009315,93.0918312196101,,72.22384528686177,92.0064288933505,
,Dec,67.93501648068498,87.34542678080106,,73.87103691445014,94.97748849251327,,73.60871660584675,94.64021795818215,,72.69606384599906,93.46680181815314,
2009,Jan,70.14522243878832,90.24197059938562,,73.84146848620664,94.9971986183757,,74.13629502625828,95.37649355870435,,73.30163521457112,94.30270202211767,
,Feb,70.00783462271582,89.96068324965086,,76.86365057857559,98.77046705380356,,76.30226299848792,98.04907907566194,,75.39843286717472,96.88764940721487,
,Mar,71.03358050648227,91.82227750624399,,75.5506197185982,97.66127400739381,,76.12287239877126,98.40100223209943,,74.9796403204701,96.92319170362366,
,Apr,72.12431704762409,93.85749888808766,,77.10788466712518,100.3427622701614,,76.73005877864517,99.85108630899443,,76.05546644375131,98.97321942700502,
,May,72.51535168555442,92.22314065956733,,76.69847295136934,97.5431256272487,,75.33578551014391,95.81009513582804,,75.37740092921442,95.8630205448254,
,Jun,70.72083011837927,88.8226776804299,,77.56678776695564,97.42094057716793,,75.88699068252576,95.31117921337895,,75.63514683861288,94.99487290678964,
,Jul,71.34850112681431,89.01642789860541,,77.29833551413937,96.43961122247929,,75.53828866739873,94.24372650511731,,75.49390055808816,94.1883466321053,
,Aug,70.25106802523092,87.9270073852192,,78.33476161806526,98.04464696305048,,76.94993064776111,96.31137732920688,,76.30450097807395,95.5035504743491,
,Sep,74.40894439945734,92.99576853596913,,79.14251648482445,98.91175320087639,,79.1649313837045,98.93976718178726,,78.30250755662563,97.86191602759838,
,Oct,74.48395310619955,92.85594042617417,,80.22604245679582,100.01435622481627,,77.80923416621964,97.00142528744706,,78.18394968404021,97.46856700520605,
,Nov,74.56388156980135,92.27278891675168,,78.68495233219001,97.37261318237701,,77.49078198101604,95.89482760543694,,77.44555982179595,95.83886519221187,
,Dec,74.97032633601913,91.76909504455895,,78.9724067141064,96.66793052443339,,77.45257530391116,94.80754709074272,,77.6180365597529,95.01008362026877,
2010,Jan,75.75842414953131,90.9707343974942,,81.7712381891707,98.19092297879197,,80.11850353163442,96.20631879452982,,80.00042553687369,96.06453070930823,
,Feb,77.47853225161691,92.61436706259566,,81.42413957256541,97.33076932381124,,80.131302706111,95.78537004194284,,80.1749281329999,95.83751792319116,
,Mar,75.67174478815723,91.27909239558757,,79.0713510917142,95.37986975653939,,77.70231784064026,93.72847248841445,,77.88821651591095,93.95271288889359,
,Apr,76.60878683455556,93.37605047932695,,82.43954552334172,100.48297959481694,,80.58978797173836,98.22836805937983,,80.61892252996715,98.26387925975611,
,May,78.64823523238901,94.68030087366671,,80.11140872449155,96.44173526635593,,80.67681542806586,97.12239741538224,,80.08554920341717,96.41060440590451,
,Jun,80.51855596003784,96.18625812651622,,82.07467538330337,98.04517502756187,,80.64074028391438,96.33221768546852,,81.19516673092882,96.99452719547968,
,Jul,79.08575053969719,94.48935828377529,,82.29820268587265,98.32750282609828,,82.61373975581698,98.70449735482589,,81.85385131603456,97.79660471231679,
,Aug,78.95572284279531,94.14661919133381,,83.9053491466089,100.04854201575475,,86.47270344790644,103.10984927798758,,84.09194217886872,100.2710351108645,
,Sep,79.9061671546903,94.48928157173032,,85.187986702634,100.73504897927675,,83.67244485928789,98.94291621820406,,83.60577582327551,98.86407988378579,
,Oct,81.20201892361635,95.00953655805343,,86.48965660607152,101.19627935529263,,84.575103557385,98.95617744301603,,84.73936636347442,99.14837134764002,
,Nov,79.85720973190972,92.4489101782523,,86.22095440297835,99.81607541565569,,85.2506196218202,98.69274048663326,,84.67283918299927,98.02385696226985,
,Dec,80.38962437110116,92.09536610154292,,85.85158334980434,98.3526550951224,,84.59358657762809,96.91147814978291,,84.34486259315858,96.62653682076001,
2011,Jan,82.46445946358713,93.20179706793071,,87.3008754954682,98.66794173766573,,85.56714049398055,96.70846466318649,,85.70724711397665,96.86681395510803,
,Feb,85.41614979015736,95.22490118643235,,86.14242870448153,96.03458223644705,,84.45635076240863,94.15488377402565,,85.30627380981247,95.10240761353298,
,Mar,87.00796164610509,97.46679958933089,,87.585151638298,98.1133710091149,,86.31208332123263,96.68727284320651,,86.94864468511602,97.40035240174494,
,Apr,87.44008511734552,97.89123812725776,,88.37277387172162,98.93540519126186,,87.09257496864522,97.50219231751953,,87.66949118045493,98.1480636269304,
,May,86.52141989843994,96.30590312264526,,89.4227534148703,99.53534092992821,,87.07340447721678,96.92031020740271,,87.91864601104804,97.86113791651728,
,Jun,87.81165857513602,97.972308461126,,89.42023519938954,99.76701280644792,,86.50543817440533,96.51494585011118,,87.91139043233396,98.0835802493526,
,Jul,89.45344103965944,99.42012302605347,,88.50053391325743,98.3610453356012,,87.81930042487122,97.60391049050565,,88.38634343942816,98.23413204054444,
,Aug,88.92888460855465,99.10398762586217,,89.20272028673006,99.40915515136156,,89.4370934764993,99.67034495263891,,89.25169726414222,99.46373599744744,
,Sep,89.47417885209327,99.44255794752388,,90.16540575264086,100.21079490699594,,89.17806432013897,99.11345309424945,,89.62804792245981,99.61356967562871,
,Oct,90.37230974536907,100.58102680216636,,90.24886899468993,100.44364182785819,,89.22797236716664,99.30742176947442,,89.84364816982826,99.99264608855437,
,Nov,90.62623069937062,100.18566998568326,,90.96974092193307,100.56541436574594,,90.92848260977915,100.51980404284362,,90.89082974904976,100.47817948172107,
,Dec,92.40307227644212,100.92592082171548,,91.77224330600124,100.23690699182586,,91.68940951341776,100.14643297850914,,91.85076312723673,100.32266913225814,
2012,Jan,93.8983555917551,102.27395359630155,,93.93728309343604,102.3163533750351,,94.98478368953897,103.45728951478725,,94.36880601746861,102.78636752203603,
,Feb,94.70264260717855,102.77311588173957,,94.41990383129848,102.46628236392198,,93.86396734464503,101.86296947430478,,94.23791056211654,102.26877979347191,
,Mar,96.16861193756677,102.10767277516902,,99.90182546293983,106.07143743152173,,96.53668663454096,102.49847856885002,,97.8232122454026,103.86445581905735,
,Apr,95.47542704163413,100.75955202154304,,96.19067652807404,101.5143872715168,,99.60162077674181,105.11411156828639,,97.49023261409467,102.88586779914206,
,May,98.70096470266174,102.6735912000419,,97.11472655641731,101.02350837193536,,98.553843003982,102.52054798316549,,98.00180874607574,101.94629483482564,
,Jun,100.87083637789193,102.94754583514691,,100.27681410016234,102.34129394055006,,99.46538679107884,101.51316112145832,,100.04372316078096,102.10340416955792,
,Jul,100.82015340106265,102.00611227208239,,100.87814716329662,102.0647882215028,,100.49903496376812,101.68121648227935,,100.7090355897191,101.89368736935238,
,Aug,103.19643443241564,105.03250906750355,,102.61350659905955,104.43920976138486,,102.31703576125666,104.13746410388178,,102.59399761020302,104.41935366790409,
,Sep,102.32166201491437,104.23943244410741,,103.64947844034621,105.59213555556396,,101.78623501238356,103.69397016603254,,102.63121804876995,104.5547903521333,
,Oct,103.8784767323666,106.15591469408649,,102.60665319977484,104.85620762599396,,102.27944949305659,104.52183028556124,,102.69789418442792,104.94944898347356,
,Nov,104.62057469942536,105.57798963480437,,103.8632089641941,104.8136930136691,,104.59501875253667,105.55219981761522,,104.30546326838525,105.25999452250699,
,Dec,105.34586046112729,105.34586046112729,,104.54777606100063,104.54777606100063,,105.51693777647098,105.51693777647098,,105.09669795255559,105.09669795255559,
2013,Jan,107.042068221825,106.19190361541177,,106.931105915605,106.08182260966512,,108.27442636573647,107.4144739507188,,107.51336213240282,106.65945434904386,
,Feb,107.29325322370839,106.00460407417012,,108.95114944985247,107.64258808311831,,106.10155786088026,104.82722160772343,,107.4607512816802,106.17009039120325,
,Mar,108.5864149512472,107.21942262766142,,109.29307319834838,107.9171847674584,,108.04065427899914,106.68053252619161,,108.64197877482688,107.27428695931721,
,Apr,108.23444668916495,107.3748118063714,,111.89587099134857,111.00715582822704,,108.14771240256708,107.28876639305348,,109.66979866754163,108.79876372989082,
,May,111.12536918904243,107.77039398720522,,108.13433456067081,104.8696613940867,,107.75544464567955,104.50221050762961,,108.51243379186567,105.23634546820493,
,Jun,109.83344914987273,104.94838218429967,,108.55263790508538,103.7245376354458,,108.15121537929657,103.34096919632317,,108.61442192381587,103.78357368376072,
,Jul,111.71594760607353,106.5660206306062,,109.03164620070889,104.00546123803385,,107.29009108598677,102.34418903597336,,108.78426191414113,103.76948097244967,
,Aug,112.51784498470671,107.69643746678204,,110.09480070181716,105.37722101603215,,108.20750210428194,103.57079346297847,,109.73952482230911,105.03716876435514,
,Sep,114.10678178542368,109.4657915729692,,111.36238664712528,106.83301741614673,,110.01393049580861,105.53940613646928,,111.29034593712481,106.76390677064182,
,Oct,114.60006305400512,109.75172031130005,,111.47698790804776,106.7607719575565,,109.72263792217076,105.08064261166452,,111.30298096522813,106.59412666250493,
,Nov,114.82057316151129,109.71369367023645,,112.31400423645024,107.31860951732381,,111.01190093185085,106.07441991650315,,112.21869236130051,107.22753683247835,
,Dec,114.71724138304258,109.61495778365129,,112.82913563324281,107.81082939318283,,113.64297528608904,108.58847186535081,,113.50862956788379,108.46010144733918,
2014,Jan,115.22507046684967,109.47991731416451,111.42521363283136,113.58424999558025,107.92090859501909,109.8385036329714,113.3901727701724,107.73650811251882,109.6508266264422,113.79743363937665,108.12346284472359,110.0446569723167
,Feb,115.76735549128368,109.80957022091943,112.05830429593188,112.68821614914246,106.888893952761,109.07781699096606,114.8772625592706,108.96528452478125,111.19672890445902,114.1571226751708,108.28220550966203,110.49966146324786
,Mar,115.68373661951026,109.66857380049925,111.7603540791199,114.50284534779928,108.54908487866442,110.61951241449214,115.35926693162348,109.36097543834506,111.44688869266339,115.07326247922735,109.08984224960619,111.17058400367216
,Apr,115.80421877150198,109.47510409299613,110.90951596079489,115.62411004134819,109.30483894902457,110.73701989550831,114.80926718405595,108.53453016780898,109.95661804275099,115.31531661403515,109.01292218677752,110.441278255709
,May,117.12682226765787,110.0468823843062,111.32072621625825,115.93594699310223,108.92799169184019,110.18888384377782,114.76453078586992,107.82738382863208,109.07553593280488,115.65925566146666,108.66802546173386,109.92590838368186
,Jun,117.20472979384586,108.96667297051437,110.03118230175549,117.16261720193269,108.92752037796102,109.99164722253002,116.17701696354727,108.0111957633767,109.06637091587253,116.75757873787683,108.5509511564724,109.61139924827043
,Jul,118.39247888669489,108.98945483746193,110.31523500003253,122.9919150870586,113.2235924174097,114.6008778895303,116.57966756724969,107.32062148514568,108.62610146219434,119.4822763824048,109.99269791554906,111.33068182547439
,Aug,120.12433466024358,111.12970520887868,112.56011433859288,121.88518647414651,112.75870855402948,114.21008544616923,118.80378769273278,109.90803771220514,111.32272211433701,120.27927407790193,111.27304312503287,112.70529723277089
,Sep,120.1428076561157,111.39120795313546,112.5774240913039,120.6550174591158,111.86610669900902,113.0573800815211,117.80327610168769,109.22209561943558,110.38521266295359,119.36930135611952,110.67404641182576,111.85262542486012
,Oct,121.40366873646691,114.38382512997434,114.18816767005424,123.42710300381287,116.29025970322027,116.09134122151079,120.49580677630458,113.52845786822557,113.33426354337327,121.83690921875134,114.79201463594733,114.59565895386329
,Nov,121.92902839125546,114.75059430826268,113.71678326106799,123.37701442456704,116.11333179633147,115.06724357464297,118.62661662317933,111.64260830987253,110.63679772994368,121.12856092415434,113.99725346083515,112.97022941195686
,Dec,120.32732811054751,112.61476173577121,110.46624873500542,126.72177116723256,118.59934306545853,116.33665364063616,123.15028544213669,115.2567772469533,113.05785873463195,124.07924523497063,116.12619392373678,113.9106883050329
2015,Jan,122.96822953523952,113.20178803080879,108.68734472219307,126.32045782017624,116.2877740385486,111.65026280737209,122.36047595736352,112.64230374809843,108.1501724552229,124.06119349773999,114.20794608704749,109.65337758621169
,Feb,128.8715382445607,121.48775523979982,117.98431921930856,125.80195789372264,118.59404859649256,115.17406062446416,121.6957473665627,114.72310621245724,111.41474758903857,124.63380840212449,117.49282902969061,114.10459777494776
,Mar,127.89523937358295,121.1089657556795,118.50516138983477,127.06377448017207,120.32161937909538,117.73474271071707,120.79345626522505,114.3840117113616,111.92479172530611,124.58807174348155,117.9772803761143,115.44080625302148
,Apr,128.24358815579572,121.16669890333057,119.49425924423208,127.37030634186284,120.34160755858424,118.68055646994137,122.00279182095555,115.27028956782483,113.67923686494643,125.280041827317,118.36669049095971,116.73289878676175
,May,128.57132678318828,120.59804676792123,118.69038222485067,128.57525740553945,120.60173363489221,118.69401077159522,124.29992349518982,116.59153220220199,114.74724418954096,126.78479803139946,118.92230861268088,117.0411515160234
,Jun,128.40127904053153,119.24477032344342,117.33829074556367,129.59832872958273,120.35645640868562,118.4322032478405,122.69463276685148,113.94507448468696,112.12332618565623,126.4934826372745,117.47302205403199,115.59486910115737
,Jul,126.63240160198713,116.83002987368364,115.93434747215902,128.72569734931292,118.7612876055175,117.85079913431129,121.91506603657479,112.47785422148732,111.615537960023,125.49898785960193,115.7843515188002,114.89668585493399
,Aug,129.03220920676847,119.63307607679324,118.67630311729536,128.77595641841714,119.39548958957282,118.44061674276928,124.11869984999015,115.07748300203201,114.15714368121787,126.87230266950516,117.63050427956767,116.68974701245078
,Sep,128.77293116811566,119.72177149106317,118.43783429392187,128.85166768668142,119.79497379684453,118.51025155315627,123.96248985756202,115.24944527988602,114.01347083762853,126.79081582013885,117.87897457243432,116.61480015929745
,Oct,128.37570096454428,118.89366586098701,117.2074852212918,131.20314734571988,121.51227251908188,119.78895412425157,126.68666375737413,117.3293836500449,115.66538806419598,128.80508535853858,119.29133523519033,117.5995147458452
,Nov,130.73516041581627,119.37443921301235,116.37763833443645,132.06138825694106,120.58541952083016,117.55821793943771,127.47607703517954,116.39856608389742,113.47647214649464,129.90389212652528,118.61540709377178,115.63766111620153
,Dec,130.60539057873953,118.93398091420501,115.02965937014426,133.59191080540774,121.65361398650381,117.66001331536351,129.242241205166,117.69264791208775,113.82907639712943,131.23513681176314,119.50745055529205,115.58430335806347
2016,Jan,135.10723512558897,123.23314471017912,120.26956555376091,134.06817208557223,122.28540119478295,119.34461390117455,128.07803570613393,116.82171642175913,114.01232285626386,131.74701139005592,120.16823898936701,117.27836638918372
,Feb,134.85440120100208,123.73867282689756,121.3446191312266,135.26813586758897,124.11830432642596,121.71690564980706,129.13129606749632,118.48730967254805,116.19485756253957,132.62487164657784,121.69291810450181,119.33844497440263
,Mar,133.40026978312858,123.8190924041391,120.90915361252654,137.39150616635138,127.52366712010063,124.5266651344112,129.65174315000579,120.33979535083803,117.51162538232343,133.4352740397906,123.85158255799875,120.94088019788296
,Apr,132.61611002883046,121.4865871945077,118.47514489134767,136.6035650346528,125.1394035841884,122.03741428274986,131.48798033854334,120.45313337086603,117.46730859993522,133.74655342606027,122.52216055219523,119.4850481772241
,May,133.34394878256163,119.30201890841515,116.92516880933503,137.9780768229369,123.44814504420552,120.98869181395612,132.6550898463165,118.68570101332149,116.32112979487913,134.91820277324288,120.71049436663907,118.30558325850761
,Jun,134.47066109785183,117.81013180860289,115.47566676533876,139.32556713986034,122.06352891439388,119.64478073939773,130.8277704446593,114.61858486064344,112.34736187194257,134.89702760010815,118.1836727239185,115.84180578579485
,Jul,136.25270294217154,119.12385369316677,117.92009100116756,139.51600428310365,121.97691292134884,120.74431967904022,131.698653311269,115.14231108719511,113.97878242303402,135.65791272363145,118.60383683154483,117.40532898043452
,Aug,136.41365561034522,121.66121635661425,120.0392009210187,141.92453540316194,126.57612268171329,124.88858057983447,134.2617847321705,119.7420593095447,118.14563051895321,137.72785757115443,122.83329409600861,121.19565224928594
,Sep,140.14197276578082,125.38416956609794,123.102684447122,145.90207292908664,130.53769610308126,128.16243763021973,135.84135364881573,121.53643183300659,119.32495998931213,140.65682963678185,125.8448088730938,123.55494198050353
,Oct,139.14015149306218,123.70036375274026,120.94396777557365,144.57589138808018,128.53292283122119,125.66884369129549,136.09889954038127,120.99658652687516,118.30043839734972,140.05183639561207,124.51088287941324,121.7364262305364
,Nov,143.99962903037124,127.2158665716973,123.12832773866221,148.56069305054294,131.2453193954456,127.02831129621896,135.1970522753858,119.4392671631449,115.60159615656916,142.14792519866924,125.57998661026755,121.54500979680381
,Dec,142.96072195470956,125.05341004096404,120.78969473630968,147.59667038941677,129.10865789231354,124.70667828665128,138.88321587694062,121.48665385425913,117.34454765195746,143.11714123903351,125.19023618896767,120.92185577569187
2017,Jan,144.48026287885975,124.82872813490827,120.7433546439423,148.68272540571218,128.45959121481175,124.25538745137892,138.1276205514618,119.34014273075547,115.43439873412188,143.51002337775444,123.99045610732502,119.93251744142597
,Feb,145.17033355421523,124.7856677610618,120.71294624983535,149.63029485732736,128.619365981432,124.42152124500032,140.87273241845756,121.09153126384187,117.1393779993346,145.16388024110074,124.78012061539818,120.70758015043991
,Mar,144.66553431759135,124.58948026257613,120.6958474599486,151.3282213471086,130.32754854591306,126.25459136658351,140.7263160736925,121.19692960451287,117.40931977026897,145.69446481387828,125.4756202568976,121.55429407484239
,Apr,147.1447901794124,126.07536061018979,121.24244281725139,152.25146074340253,130.45081510020256,125.45017054642342,140.73572895766847,120.58400271896623,115.96158824032685,146.51436685387662,125.53520660265008,120.72299483745041
,May,147.81358938470362,125.46977254589824,120.99355387237233,152.2603210177565,129.24432675904103,124.63344832077442,141.5303224301072,120.1362976000557,115.85035423876592,146.9705727551722,124.75418810471112,120.30349838826494
,Jun,148.33001586101972,123.91624933211898,119.8419982280686,152.60743857102216,127.48964731198679,123.29790620365404,143.52706430443405,119.90381975634378,115.9614936073912,148.03864215783668,123.67283308057429,119.6065852766314
,Jul,150.19403398796797,126.20907368269523,122.33942147549352,153.74663046187277,129.1943447899075,125.23316223079014,142.13259665104533,119.43499276996333,115.77303828520606,148.24724816583512,124.57317624558614,120.7536817167791
,Aug,151.17617697894042,127.67596290652087,123.24010502698577,157.4920838739523,133.01006719836914,128.3888860362473,145.6150384444535,122.97929884584624,118.70661760353241,151.38675029650886,127.85380277269712,123.41176618611557
,Sep,155.57955464361186,130.40690796443744,125.80114840201219,157.2762067403124,131.82904311792163,127.17305605846835,145.29094755394703,121.78298921818802,117.48181241791175,151.95445159894174,127.3683436737065,122.86990125234787
,Oct,159.47298228122617,132.45318495660447,127.39948985126803,160.97856434291276,133.7036735122913,128.60226654638143,147.9820872664653,122.90921317571038,118.21966426655922,155.26777552187775,128.96047402394947,124.04004182316676
,Nov,157.4052139921328,129.23797134944166,124.15585312512373,159.09288312286986,130.62363659669603,125.48702885561808,147.17039086542408,120.83464248587369,116.08297444052833,153.7990155793114,126.27709251108307,121.31140706690938
,Dec,159.94236112984296,130.57313881283892,125.95776780920494,165.11247239045846,134.79389465601506,130.02933252234368,155.5974147353926,127.02602793683813,122.53603672289607,160.2015233540913,130.78471268759466,126.16186317853796
2018,Jan,157.63243126077083,128.79216129066782,124.92808741414031,169.74758769257596,138.69074097218942,134.52968595349623,157.63103262606072,128.7910185487477,124.92697895721983,162.5013722976506,132.77028580680366,128.78685864925092
,Feb,157.71368447775492,129.8099241670871,127.1144247569294,164.93450958297694,135.7531925805828,132.93428136962652,152.06019773129483,125.15669012295363,122.55781498633867,158.24931856878212,130.25079029083398,127.54613630806449
,Mar,160.14053936391792,132.35026774954417,130.0163825291744,168.52427921000037,139.2791204796452,136.82305079183254,153.31504813533334,126.70925020824274,124.47483956915907,160.65296332598433,132.77376731342818,130.43241403583582
,Apr,170.9320799435294,141.15280840895497,138.66499894523906,171.4468966629016,141.5779353118703,139.08263301294784,165.46815213059054,136.64078962351152,134.2325042100885,168.85167662574716,139.43484668389266,136.9773161886655
,May,171.8359255226914,140.2827618512666,137.82817195987397,171.6787482766074,140.15444608659882,137.70210139322413,164.30662012095613,134.13601603333456,131.78897848800747,168.62080811397777,137.65801648210993,135.24935292810608
,Jun,173.05210298860143,138.45912059788287,136.38968116967243,170.9399339070588,136.76917249246347,134.72499138761867,165.0854884592831,132.08502619034837,130.11085533115042,168.86813476894918,135.11152440981056,133.0921188653299
,Jul,173.2141598753385,138.1481185823805,136.40957140261654,174.7368983331433,139.3625888842898,137.60875800801256,165.233698482699,131.78324790664632,130.12480046386327,170.4853979408139,135.9717761425644,134.26061749367415
,Aug,176.79109161769208,141.0009245588629,140.55878655728787,175.74005403104175,140.16266246031617,139.72315300554118,169.011457138038,134.7962247387309,134.3735428760956,173.11190532792884,138.06656478013187,137.633628079701
,Sep,175.83251382299852,141.24691490947495,140.92043109447712,175.46200346981087,140.94928255928028,140.6234867036989,168.73809134374133,135.54793884144107,135.23462786954187,172.71370209053487,138.7415617991997,138.42086895841098
,Oct,186.52278675505917,150.19520817839953,148.8896864650072,176.75298547849806,142.32819438280552,141.09105406089878,172.76834755057516,139.11961309624218,137.9103622961757,176.83801695611595,142.3966649472053,141.15892946777228
,Nov,184.37837085472177,146.58611757737418,143.95085022878436,177.52002486401906,141.13353489579922,138.59629192594127,171.5372061633878,136.37702163760437,133.92528938519783,176.24613983639094,140.12075959263154,137.60172389732324
,Dec,182.81486447314256,145.22800729226157,143.4039495513164,177.96441604254855,141.37481427057196,139.59915247397396,172.2477863612568,136.83352743684316,135.11490401429825,176.44166671826656,140.16514321560368,138.40467483722406
2019,Jan,183.86241550143907,144.7990649718862,143.99907954040438,177.41649044131987,139.72263910726022,138.9506998978758,172.989178076446,136.23595212436683,135.4832761525661,176.71977166526983,139.17394498157248,138.4050371958162
,Feb,185.53426536759358,146.80711342359393,145.99657661522556,181.3239249491708,143.4756106301089,142.68346738304913,172.20589786925024,136.2608180791524,135.50850842592146,178.2624106793843,141.0531358825898,140.27436736175702
,Mar,187.3904150775659,148.51006616128552,147.80715493064335,177.65605469869178,140.79542129374522,140.12902415711685,169.76303671019306,134.540071343221,133.90328132916335,176.0985880008345,139.5611026534506,138.9005476557215
,Apr,185.07846574711502,146.21582995693433,144.9514771012362,179.6860167186027,141.95568328335145,140.72816863193,170.81677539824153,134.94879852498696,133.7818735836974,176.94076755200655,139.78687945351587,138.57811881331543
,May,185.11722120168307,143.97906078652215,143.40471603580266,181.9469652211724,141.51332326321804,140.94881454973498,174.32185724495636,135.58272492296257,135.04187387196697,179.32378877443023,139.47308908820423,138.91671904281813
,Jun,189.90470645631072,146.3413199589981,146.54411171589925,182.65918837980735,140.75789499345507,140.9529495469566,174.9509934421246,134.81792940370664,135.00475267941042,180.7324949614336,139.2731774039729,139.46617451745303
,Jul,188.03922070985004,145.1266981200027,144.88029601833114,183.2048714712966,141.39559808724522,141.1555308013004,175.18422641853073,135.205348367499,134.97579114318015,180.71471896565575,139.47372450366692,139.23692025406396
,Aug,190.87314244893173,147.20065791668773,146.72361065658055,183.0454408974674,141.1639635784085,140.70648001139168,175.26822323644518,135.1662022287726,134.72815618098372,181.19431998540142,139.73638601226477,139.2835289324944
,Sep,190.69994341398734,145.9452942728269,145.58027839490458,181.6864435983796,139.04713867054025,138.69937539631277,172.34909830269052,131.90113966021028,131.57124885741382,179.39499670499978,137.29346279010818,136.95008553972804
,Oct,190.6,145.6,144,185.5,141.7,140.2,176.6,135,133.5,182.7,139.6,138.1
,Nov,190.53727596829873,145.15647096043574,142.93879920270416,186.99329913524733,142.45657317068842,140.2801499156069,175.8651038183807,133.9788117870127,131.9319100879801,182.97070945537428,139.39205511727934,137.26245096087897
,Dec,189.22360029807587,143.36263580368245,139.7451329608753,186.78859849820134,141.5177904690264,137.94683903904203,180.57737126188954,136.81194031729808,133.35973270229917,184.6253713309209,139.87885141462235,136.34925571624308
2020,Jan,191.5402110756822,142.7451112634836,139.39094192879938,181.70449825705316,135.41505814948698,132.2331275637095,175.36348240726326,130.68942373612546,127.61853427740253,180.81492238240995,134.75210280193815,131.58575008413337
,Feb,194.028101238628,144.59920840646265,141.20147221526435,187.82061583985055,139.97308740065034,136.68405400900073,182.42770077836704,135.9540239561509,132.75942896060727,186.67688772990567,139.1207254063078,135.851720486654
,Mar,194.028101238628,145.91242018815606,143.08137347256815,187.82061583985055,141.2442859744201,138.50381212450517,182.42770077836704,137.18872245827538,134.5269361509112,186.67688772990567,140.38418305379196,137.66039723869523
,Apr,194.028101238628,145.76665353462144,143.50594728109206,187.82061583985055,141.10318279162848,138.91480266493394,182.42770077836704,137.0516707874879,134.92612587242726,186.67688772990567,140.2439391146773,138.06888506432932
,May,197.23851537768346,147.58817479864626,145.2339732877034,184.5059984671416,138.06078138959816,135.85855278562792,174.0610285969194,130.2450967297279,128.16753730511718,182.41821474962842,136.49855005941362,134.32124084592283
,Jun,194.46947862219562,144.36129017174704,141.2134524299556,184.96680880689271,137.3071360477555,134.31311608191697,180.12002217725498,133.70920193491204,130.8,184.642990737955,137.06675491163082,134.07797652275391
,Jul,195.50477191677706,144.98483866166126,141.96522767736832,185.49990564762223,137.56530660807852,134.7002228191401,183.0825756546546,135.77263323450174,132.944885599192,186.2832286949478,138.14621296920205,135.26903059640418
,Aug,195.8,145.2,141.7,189.1,140.2,136.8,179.5,133.1,129.8,186.3,138.1,134.8
,Sep,195.73603588701354,144.1,140.49591632782756,187.98008648520818,138.43554089944686,134.92883097606375,183.1,134.80645257273503,131.39167106575013,187.30888140657635,137.9412404666073,134.4470516647636
,Oct,194.78145598746093,143.301021836945,139.6097136013649,187.62177869590008,138.0336360547508,134.47801104228066,179.51680175571178,132.07079184247308,128.6687644503556,185.51357984342803,136.4826308614527,132.96695837807172
,Nov,198.51785535031365,145.46802459409992,141.57532316470864,191.98623190054832,140.68184372914345,136.91721974595615,180.64954281237817,132.3746525992399,128.8323277424471,188.4124652898952,138.06309304651757,134.3685464191885
,Dec,195.72990060254904,142.42809697038345,138.20305304585088,190.2326907510996,138.4279051990778,134.32152456008944,183.8972239511709,133.81773334002594,129.84811067940328,188.5669367272962,137.21577473305953,133.14535121608662
2021,Jan,197.34063427624014,142.88576159912742,138.45785529444856,191.01881323044068,138.30840621494437,134.02234819897916,185.58468550134285,134.37379091360614,130.20966322648755,189.87834893286455,137.48264566981672,133.2221772597227
,Feb,198.08083197502336,142.99272834157523,138.2959310077719,194.14794494145437,140.15361341267516,135.55007080296218,189.7830123234582,137.00260875537896,132.50256532667214,193.02640015278016,139.34398055880052,134.76703147921694
,Mar,198.70803097384893,143.58894302004748,139.4172462216238,198.1063975203407,143.15419505716258,138.99512901321583,190.73435779460272,137.82706566569965,133.82276898044964,195.12824761251065,141.00214616751882,136.90560370842584
,Apr,200.1116,144.7,140.3033,196.1928,141.9,137.5557,190.869,138.1,133.823,194.6673,140.8,136.4861
,May,202.6406,145,140.6913,197.3465,141.2,137.0156,190.669,136.4,132.3795,195.5011,139.9,135.7344
,Jun,202.9249,143.0674,138.858,202.5684,142.8161,138.6141,194.5446,137.1591,133.1235,199.2734,140.493,136.3594
,Jul,203.4925,142.7658,138.3916,203.0482,142.4541,138.0894,194.5611,136.4997,132.3175,199.575,140.0174,135.7274
,Aug,205.6491,143.8646,139.3828,204.8417,143.2997,138.8356,195.6288,136.8547,132.5913,201.1298,140.7031,136.3198
,Sep,215.49482812803222,150.1245960371761,145.65989399569364,213.13935423351822,148.48365379293844,144.06775333614758,204.0754649165447,142.16929008381086,137.9411786588441,209.7676659805758,146.13476523104896,141.7887206661926
,Oct,218.46447868937355,149.29250941522523,144.6275466489412,218.83725527509063,149.5472544990339,144.8743316794591,214.84053574069546,146.8160082465614,142.22842903949095,217.0972446177418,148.35817992268503,143.7224122734984
,Nov,222.8266793123098,148.43383798794255,143.0509976010128,221.448070724141,147.51549120623503,142.16595396778402,216.0045746790471,143.88935894712168,138.67132064070185,219.41667443144007,146.1622962067374,140.86183155708034
,Dec,226.4,146.9263979213468,140.2,223.8,145.2030997982247,138.6,215.3,139.69615448341338,133.3,220.7,143.20699326881083,136.7
2022,Jan,230.08324552187003,145.8172147831929,138.1886,227.81957545883355,144.38259461764633,136.829,221.4046864540051,140.3171041222139,132.9762,225.54034697320765,142.9381141693866,135.4601
,Feb,231.5,145.1297,137.5219,229.4,143.8165,136.2775,223.2482,139.9831,132.6451,227.2,142.4474,134.9802
,Mar,237.5871,144.6376,137.1594,239.4028,145.7429,138.2076,232.7012,141.6632,134.3388,236.2716,143.8367,136.4
,Apr,247.8,138.0693,129.8,246.8,137.5081,129.3,241.5,134.5614,126.5,244.8,136.3752,128.3
,May,253.5,130.3802,121.1,249.8,128.4824,119.3,250.1,128.6159,119.5,250.6,128.8788,119.7
,Jun,259.68139649910404,118.38658811067184,111.83686924821025,255.5924103787099,116.52245335881246,110.07586745035584,253.81793490358783,115.71348475336794,109.3116549023227,255.58330153465562,116.51830071259383,110.07194454861842
,Jul,267.2841795785627,116.60995190014503,109.03532202938912,261.59822682878365,114.12930123947491,106.71580693465519,262.72692450966184,114.62172612778868,107.1762453912164,263.091013432433,114.78056976693955,107.32477102787875
,Aug,273.1870761584567,116.3041817854077,108.77296922123857,267.3440068106106,113.81660657074981,106.44647555518321,270.4643049369694,115.14501392301491,107.68886262865755,269.6987166200449,114.81907931426085,107.38403373409933
,Sep,276.9005681726894,113.59752218993347,107.75560752075386,267.93535073489545,109.91957203783326,104.26680120323607,272.3764156970396,111.74150392809025,105.99503764634991,271.4032025671103,111.34224653092332,105.61631263052655
,Oct,281.77140627255585,116.06000708568318,109.35231298316006,273.8421752346288,112.79400283557248,106.27506761733163,278.78799199634693,114.83115605847352,108.19448346452235,277.3354304597409,114.23285439095864,107.63076067277606

NWRI - Nominal Wage Rate Index,,,,,,,,,,,,,
RWRI* - Real Wage Rate Index (Based on CCPI (2006/07=100)),,,,,,,,,,,,,
RWRI** - Real Wage Rate Index (Based on NCPI (2013=100)),,,,,,,,,,,,,

Source: Central Bank of Sri Lanka,,,,,,,,,,,,,

<new sheet>
sheet_name: New Base
,,,,,,,,,,,,,2018 = 100
Period,,Agriculture,,,Industry,,,Services,,,Informal Private Sector ,,
,,NWRI ,RWRI*,RWRI**,NWRI ,RWRI*,RWRI**,NWRI ,RWRI*,RWRI**,NWRI ,RWRI*,RWRI**
Index Numbers,,,,,,,,,,,,,
2019,Jan,103.83460488476604,101.16538721602498,102.10130924156002,102.46337863814968,99.82941030973569,100.75297267109495,102.17305752894833,99.54655232166962,100.46749784906605,102.76097806707989,100.11935951786727,101.04560431694208
,Feb,105.72009860014535,103.48980472194827,104.44761911817834,103.14608468730766,100.9700927587702,101.90458682504924,102.88466532461307,100.71418835502837,101.64631398585985,103.76414060798776,101.57511003916781,102.51520363539754
,Mar,105.070264143682,103.01616537783987,104.0519803337452,101.55332607899415,99.56798261891902,100.56912651849757,102.51218410882173,100.50809520148101,101.51869181821013,102.67353721867222,100.66629389626927,101.67848118154505
,Apr,106.05542347404713,103.65456250957558,104.28505603585116,103.17198803654415,100.83640169319717,101.44975335800797,101.92779073802825,99.62037027840752,100.22632526027249,103.6650062169661,101.31825902898359,101.93454165914167
,May,106.1431417687513,102.13191838795545,103.2359578158776,103.5332403370977,99.6206469522655,100.69753969849421,103.81181235200074,99.8886915363728,100.9684818272082,104.27381978295209,100.33323938417773,101.4178352084773
,Jun,106.58710537804168,101.61385910176209,103.26657055492547,104.96596075046641,100.06835543895271,101.69592985247395,103.45299254163261,98.62598079285829,100.23009552166303,105.07270964630607,100.17012353953717,101.79935317319168
,Jul,107.88193276412086,103.00649926420385,104.35951262557056,106.72036635475213,101.89742672141236,103.2358721673578,105.05893379741373,100.31107813541522,101.62868653857237,106.67587723603786,101.85494816864,103.19283564931253
,Aug,108.20609426389045,103.23659838974174,104.43097802222428,107.66147271576125,102.71698924553316,103.9053573415221,106.2478946557802,101.36833146924455,102.54109648062675,107.50765046713295,102.57023146989144,103.75690167481395
,Sep,107.77708594648819,102.04295036695534,103.30012812673553,107.58288450744959,101.8590811555086,103.11399363108733,108.25745777477185,102.49776465517586,103.76054576536805,107.77498878870288,102.0409647856426,103.29811808289345
,Oct,108.31008793510284,102.39139120292946,102.78783364121684,109.56825847658958,103.58080794673783,103.98185560884838,107.2011821364536,101.34308250333054,101.7354660646746,108.7434145998262,102.80103836407787,103.19906688804583
,Nov,109.11324457855338,102.83736889379603,102.77088329661714,109.34497653767197,103.05577230629106,102.98914550867637,106.71833035612306,100.5802031545465,100.51517684219492,108.73405007929162,102.47998455650776,102.41373001260594
,Dec,108.78322108357837,101.9842697658547,100.86621999360685,110.70626477499002,103.78712322655312,102.64930883858797,108.83608966403915,102.0338340600367,100.91524091626742,109.81174163845296,102.94850778604963,101.81988710809888
2020,Jan,110.08919052667949,101.52169965916858,100.58696659983289,112.40062610454733,103.65325197048244,102.69889323092492,109.98064503087284,101.42160151899769,100.48779008568985,111.28938069598624,102.62848721314481,101.68356371255533
,Feb,110.13100522341344,101.56026020324065,100.62517210832685,112.5090439372368,103.75323238268585,102.79795310104831,108.8334107173448,100.36364862771488,99.43957800396815,111.11729590218704,102.46979460519292,101.52633222303842
,Mar,110.1605191805576,102.50130767081492,101.99218186705843,112.7119789656309,104.8753702332004,104.35445241880807,109.13854473180204,101.55038879186601,101.0459862189595,111.29631324666363,103.55813254679252,103.0437574752302
,Apr,110.6431107406473,102.7962284482249,102.74296281127987,112.908822218838,104.9012541759975,104.84689778370212,109.23972345978919,101.49237031771206,101.4397802973228,111.54780493127447,103.63676113094643,103.5830599575095
,May,111.26019202586492,102.90738699858781,102.85815758373444,111.95920464305209,103.5539215821076,103.50438287440211,108.85111411971448,100.67916944940059,100.6310059817966,111.12525850998485,102.78258355105714,102.73341384037927
,Jun,111.40893683015986,102.20720091680406,101.57038359588682,112.46736735051583,103.17821117799538,102.53534383176125,111.29612267366981,102.10370455927023,101.46753208795789,111.9452932023541,102.69925734473169,102.05937419231371
,Jul,111.73665334171802,102.43214251137924,101.8691593739953,114.24811148066958,104.73446704237894,104.15882996790106,112.2483956173361,102.90127109307122,102.33570955134776,113.17263838940474,103.74855051761345,103.17833219514739
,Aug,112.6967772082393,103.31231514750887,102.37169148796337,113.69810736140766,104.23026274914862,103.28128148740352,112.23793890024089,102.89168512549777,101.95489115992493,113.13042154573787,103.70984914597275,102.76560607393134
,Sep,112.49573698152417,102.44705321226475,101.37979752816624,115.23919886885223,104.94545531618694,103.85217219876586,112.40737658954015,102.3665856139154,101.30016821163203,113.92873277581097,103.75204663094303,102.67119600584692
,Oct,112.57528120741449,102.36928043861042,101.3056134086133,115.78869208671645,105.29136560632732,104.19733667832304,110.66724872881768,100.6342289264798,99.58858993263664,113.87564702008008,103.55175594408381,102.47580241364864
,Nov,112.71742463845852,102.04996596096764,100.92563397080863,116.61677413810894,105.58028511956799,104.41705795949775,110.66428375071091,100.19113217036463,99.0872798175625,114.35030244565871,103.52830992755206,102.38769033358605
,Dec,113.4286667786725,102.02415408625161,100.55547708229697,117.80253795747366,105.95826104327114,104.43295105401393,113.58607800127167,102.16573863701336,100.69502346890357,115.77577463105322,104.13527555130058,102.63620814052472
2021,Jan,114.41780057960922,102.39444482295598,100.78992390958892,119.72714742390318,107.14587003599121,105.46689429125321,113.2361895965694,101.3370009637648,99.74905019528907,116.97928822902024,104.68676388916465,103.04632233685862
,Feb,113.40069603105715,101.19238961074744,99.40428659445084,119.75858854648732,106.86581454588597,104.97746023323914,113.51239066637406,101.29205960793443,99.50219538979954,116.7879302129881,104.21496648229437,102.37345353228841
,Mar,112.89868866820744,100.88948690382466,99.45174774132913,120.20192132317756,107.41586381741837,105.88511964552254,115.81571782630307,103.49622732318119,102.02134045677332,117.37387629520335,104.88864215365092,103.39391249297735
,Apr,114.51213363602679,102.40503305167019,100.80208388108056,123.18389084297002,110.15994561155367,108.43560855322626,115.78506004394866,103.5433759218669,101.92260823488942,119.36689578012513,106.74651252671491,105.07560604273675
,May,114.32944694896115,101.14855739515181,99.66008719941652,122.67266458605559,108.52989659119136,106.93280494122222,114.24374648292364,101.07273722161722,99.58538277158752,118.72571652525474,105.0379869115983,103.49228110061813
,Jun,115.43351457714583,100.61927666354089,99.17220444196452,123.84733006268152,107.95329946650521,106.40075182289748,115.79665585379664,100.93581395963838,99.48418940630745,119.96118048947397,104.56588151865137,103.06205056808447
,Jul,116.03293598868687,100.64701732771319,99.07518937506057,124.42003465247615,107.92199022528722,106.23654732349047,116.37523469779416,100.94392737151432,99.36746250543237,120.54209949574958,104.55826764437397,102.9253567829499
,Aug,116.22018025841734,100.52843118171465,98.89776386028139,124.86569097328793,108.00664733142412,106.2546761902197,118.86557813394248,102.81665425697288,101.14886976829538,121.34862572335439,104.96444716314538,103.26182341890474
,Sep,121.5902736534398,104.73554973791265,103.18686443775816,133.01574649044554,114.57723478921964,112.88302418265438,124.21955818744985,107.00036544078564,105.41819116009515,128.186164148215,110.4171243920693,108.78442777798517
,Oct,124.38205507837156,105.09817962289223,103.38329179571821,135.80378141846612,114.74911074586184,112.87674859931273,126.78933419761364,107.13224034907277,105.38416273696076,130.92944725364444,110.63048087378226,108.82532244339274
,Nov,127.1006442472405,104.68724264889666,102.44573820765183,138.13726299939532,113.77762289183772,111.34148033450938,128.443377749742,105.7931935181601,103.52800907806798,133.2212328292813,109.72850381509316,107.37905872121884
,Dec,130.30713324580952,104.55315393753139,101.31177269592676,138.94147739688037,111.48100117574516,108.02484119971741,126.99843940529053,101.89839231533087,98.73931461215679,134.18212784406043,107.66229229892696,104.32452082534327
2022,Jan,132.95339738848526,104.18459880584426,100.25567179580507,141.49285606000444,110.87626741444475,106.69498950187383,130.0294397691745,101.89333466760594,98.05081399461699,136.85880263562547,107.24494240623112,103.20060614406276
,Feb,133.43651884764697,103.45289133019475,99.54062125598456,141.16650810155798,109.44592640915604,105.30701818601025,130.27409638160466,101.00107566125345,97.18152571255878,136.86368553059015,106.10996231408183,102.09720998981896
,Mar,136.61876555259727,102.83689675085587,99.02289506685794,149.26386649193904,112.35523000795592,108.18821359657483,137.6823373749885,103.63747802711003,99.79378448705378,143.53187732066166,108.04059595165026,104.03360013673321
,Apr,142.57434769342998,98.20777418117089,93.78215434852916,151.45290356762175,104.32348310394589,99.6222659173781,143.5944572803427,98.9104440062294,94.45315917008355,147.48555084543767,101.59069921581548,97.01263177655103
,May,146.6396509923098,93.24614077571954,87.95217207935977,152.89175846275876,97.22177007781727,91.70208847904087,147.28053049211084,93.65366725068267,88.33656159247712,150.08179497379018,95.43495287459889,90.01671627141442
,Jun,146.03555186757438,82.31908662835,78.96328382299622,155.49422634280003,87.65086668846527,84.0777096434557,150.96764378498816,85.09926786926273,81.63012877229328,152.07334977902946,85.72254560091748,82.2279980932614
,Jul,150.30724298899787,81.08164509347831,76.98326162499104,158.69786829401963,85.60787875704122,81.28071057161992,156.44885053538948,84.39467002479451,80.12882514634771,156.0333840462775,84.17055104191304,79.91603456625526
,Aug,160.36350424387635,84.41526702405068,80.165741388687,160.7764489838415,84.63264092501834,80.37217253016118,159.06214012515716,83.7302296142287,79.51518925785362,160.30931398026001,84.38674129686078,80.13865166724861
,Sep,162.09313946881002,82.22235773014322,79.19597475803394,160.6367629287357,81.48360522488483,78.48441373772245,160.46588853936578,81.39692854494801,78.40092739233066,160.98164739578291,81.65854917450572,78.65291847293962
,Oct,165.9263893968713,84.47749419149568,80.84794002628792,165.62151599492972,84.32227511431766,80.69938989749059,163.8070687533357,83.39849224367428,79.81529712416815,165.32103224589414,84.1692909250271,80.55297863518803
,Nov,167.6,85.76131701288038,81.86381329876846,163.82765872396786,83.82155044976302,80.01220125155162,163.62286283661805,83.7167677229811,79.91218047434126,164.7757530699679,84.30663788050191,80.47524342775354
,Dec,167.63596516662398,85.55844644863159,81.8721495892788,165.01248678355424,84.21946925168038,80.59086240004449,164.6849671542859,84.05230899681635,80.43090426663184,165.62962260252888,84.53444451290665,80.89226691093076
2023,Jan,167.87660830019826,85.29547280090915,81.42086942397576,166.05645307575256,84.3706804667531,80.53808639445475,165.05392039615325,83.86130932940041,80.05185377857443,166.32217205027976,84.50568811191556,80.66696122786671
,Feb,168.6622270359401,85.28764038236827,80.88786497973759,167.54802970397137,84.72422281677608,80.35351271288494,164.8834338642608,83.37681328865949,79.07561266202086,167.28096884488735,84.58917781642215,80.22543434530618
,Mar,168.82143955727912,82.96032997470353,80.68748773119255,168.42232690479943,82.7642025312128,80.49673353945737,166.10622539321244,81.62605001835631,79.38976269031373,168.04136657186754,82.57699529609987,80.31465517150764
,Apr,170.12684653304532,84.77563484721385,82.15379878406613,169.37628696110446,84.40162471595816,81.79135557592315,166.72242702267178,83.07918404500552,80.50981371568099,169.01642304091223,84.22230150557363,81.61757825216975
,May,170.07574612406452,84.75017108472967,81.96737143038757,170.66247227100416,85.04254164588392,82.25014190830768,168.47646325495808,83.95323501442851,81.19660301724372,170.05107803882012,84.7378787709081,81.95548273872056
,June,170.5867790548692,85.00482308128204,82.13278268936634,170.4030156075531,84.91325221386514,82.04430570792448,170.81608446678254,85.11908789171618,82.24318685826219,170.53759923701102,84.9803163654664,82.10910397689385
,July,170.5,85.9,82.7,170.8,86.1,82.8,172,86.7,83.4,171,86.1,82.9

NWRI - Nominal Wage Rate Index,,,,,,,,,,,,,
RWRI* - Real Wage Rate Index (Based on CCPI (2013=100)),,,,,,,,,,,,,
RWRI** - Real Wage Rate Index (Based on NCPI (2013=100)),,,,,,,,,,,,,

Source: Central Bank of Sri Lanka,,,,,,,,,,,,,

