<new sheet>
sheet_name: Formal Public Sector(2012=100)
,,,,,,,,,,,,,,,,2012=100
 Period,,SENIOR LEVEL OFFICERS,,,TERTIARY LEVEL OFFICERS,,,SECONDARY LEVEL OFFICERS,,,PRIMARY LEVEL OFFICERS,,,All CENTRAL GOVERNMENT ,,
,,NWRI ,RWRI*,RWRI**,NWRI,RWRI*,RWRI**,NWRI,RWRI*,RWRI**,NWRI,RWRI*,RWRI**,NWRI,RWRI*,RWRI**
Index Numbers,,,,,,,,,,,,,,,,
2006,Jan,78.45789596122349,153.1945957767035,,73.83825898763787,144.174427568862,,71.06572323415402,138.76085524669145,,68.04430801571863,132.86132815141283,,71.41025942911658,139.43358655653716,
,Feb,78.45789596122349,151.79312437591713,,73.83825898763787,142.8554754482727,,71.06572323415402,137.49142815501813,,68.04430801571863,131.64587175276736,,71.41025942911658,138.15800511139997,
,Mar,78.45789596122349,151.84306913885644,,73.83825898763787,142.90247944061545,,71.06572323415402,137.5366672052954,,68.04430801571863,131.6891874291767,,71.41025942911658,138.20346348668429,
,Apr,78.45789596122349,149.5957897134106,,73.83825898763787,140.7875208605935,,71.06572323415402,135.50112271710938,,68.04430801571863,129.74018571878165,,71.41025942911658,136.15805040474137,
,May,78.45789596122349,147.170151826813,,73.83825898763787,138.50470564758626,,71.06572323415402,133.30402440592832,,68.04430801571863,127.63649877347001,,71.41025942911658,133.95030026511697,
,Jun,78.45789596122349,144.59559634063365,,73.83825898763787,136.08174117170344,,71.06572323415402,130.9720392642133,,68.04430801571863,125.40365981750656,,71.41025942911658,131.60700934544218,
,Jul,79.53918394353829,146.74435101167984,,75.32072597029038,138.9615847465175,,72.78896305855643,134.2906554387493,,70.02993389856411,129.2004354561961,,73.1035790050091,134.87110032881625,
,Aug,79.53918394353829,146.21451704560525,,75.32072597029038,138.4598511733294,,72.78896305855643,133.80578668511527,,70.02993389856411,128.73394540963292,,73.1035790050091,134.38413582556,
,Sep,79.53918394353829,144.43792923871132,,75.32072597029038,136.77748687524704,,72.78896305855643,132.17997186234717,,70.02993389856411,127.16975628279837,,73.1035790050091,132.75129373866108,
,Oct,79.53918394353829,142.61952057693094,,75.32072597029038,135.05551974250417,,72.78896305855643,130.5158853788644,,70.02993389856411,125.56874616336525,,73.1035790050091,131.0800145693372,
,Nov,79.53918394353829,140.254978082504,,75.32072597029038,132.81638365337528,,72.78896305855643,128.35201358959128,,70.02993389856411,123.48689484964535,,73.1035790050091,128.90678987074406,
,Dec,79.53918394353829,138.2616915446352,,75.32072597029038,130.9288135067459,,72.78896305855643,126.5278905224871,,70.02993389856411,121.73191425307627,,73.1035790050091,127.07478239120854,
2007,Jan,80.62047192585308,138.40091255913808,,76.80319295294288,131.84780165909928,,74.51220288295886,127.9148661555546,,72.01555978140959,123.62888673451268,,74.7968985809016,128.4036023717501,
,Feb,80.62047192585308,135.41779904098718,,76.80319295294288,129.0059348520457,,74.51220288295886,125.15777041575559,,72.01555978140959,120.96417162221829,,74.7968985809016,125.63597234004227,
,Mar,80.62047192585308,135.55138053059687,,76.80319295294288,129.1331914244318,,74.51220288295886,125.28123100606767,,72.01555978140959,121.08349548030144,,74.7968985809016,125.7599046477049,
,Apr,80.62047192585308,134.4841915966293,,76.80319295294288,128.1165325578335,,74.51220288295886,124.2948984225103,,72.01555978140959,120.1302114491327,,74.7968985809016,124.76980349158606,
,May,80.62047192585308,133.62224816379765,,76.80319295294288,127.29540107342376,,74.51220288295886,123.49826076452372,,72.01555978140959,119.36026633057313,,74.7968985809016,123.9701220460684,
,Jun,80.62047192585308,130.8845548008327,,76.80319295294288,124.68733408275705,,74.51220288295886,120.96799074228684,,72.01555978140959,116.9147768000095,,74.7968985809016,121.43018438602063,
,Jul,81.70175990816789,130.58208219576017,,78.28565993559538,125.12220657118624,,76.23544270736127,121.84539056480712,,74.00118566425509,118.27442786856561,,76.4902181567941,122.25259242577918,
,Aug,81.70175990816789,128.9402711103364,,78.28565993559538,123.54904260927842,,76.23544270736127,120.31342607493788,,74.00118566425509,116.7873611628467,,76.4902181567941,120.71550817891031,
,Sep,81.70175990816789,127.73712757895694,,78.28565993559538,122.39620470888126,,76.23544270736127,119.19077975913872,,74.00118566425509,115.69761660965183,,76.4902181567941,119.5891100291937,
,Oct,81.70175990816789,123.97038784103455,,78.28565993559538,118.78695924684554,,76.23544270736127,115.6760565535837,,74.00118566425509,112.28590054615177,,76.4902181567941,116.0626407754421,
,Nov,81.70175990816789,120.73344865908933,,78.28565993559538,115.68536241080685,,76.23544270736127,112.65568720254689,,74.00118566425509,109.35405014713626,,76.4902181567941,113.03217748474239,
,Dec,81.70175990816789,119.58102382629622,,78.28565993559538,114.58112256746955,,76.23544270736127,111.58036621296615,,74.00118566425509,108.31024394135227,,76.4902181567941,111.95326282037371,
2008,Jan,82.78304789048269,117.59804958196406,,79.76812691824787,113.31518207450502,,77.95868253176369,110.74476293556393,,75.98681154710057,107.94360753318706,,78.18353773268662,111.06418259623987,
,Feb,82.78304789048269,114.32943109274883,,79.76812691824787,110.16560518480189,,77.95868253176369,107.66663042399838,,75.98681154710057,104.94333267633534,,78.18353773268662,107.9771718676255,
,Mar,82.78304789048269,112.63277480467681,,79.76812691824787,108.53074034746686,,77.95868253176369,106.06885053671624,,75.98681154710057,103.38596670700682,,78.18353773268662,106.3747835248652,
,Apr,82.78304789048269,110.53964751392112,,79.76812691824787,106.5138438011361,,77.95868253176369,104.09770487203296,,75.98681154710057,101.46467879795134,,78.18353773268662,104.39795251071105,
,May,82.78304789048269,109.04685148524412,,79.76812691824787,105.07541472522074,,77.95868253176369,102.69190483627844,,75.98681154710057,100.09443678101805,,78.18353773268662,102.98809774443478,
,Jun,82.78304789048269,104.69798249568778,,79.76812691824787,100.8849295673332,,77.95868253176369,98.59647581344788,,75.98681154710057,96.102596702967,,78.18353773268662,98.88085632963084,
,Jul,83.8643358727975,105.85185080067401,,83.599833888292,105.51800180146624,,82.55398873017012,104.19795741685397,,81.28181390135522,102.59224434739929,,82.59481324936128,104.24948529064513,
,Aug,83.8643358727975,106.02415150744757,,83.599833888292,105.68975908440652,,82.55398873017012,104.36756599309973,,81.28181390135522,102.75923921878635,,82.59481324936128,104.41917774156106,
,Sep,83.8643358727975,105.84214960829503,,83.599833888292,105.50833120593884,,82.55398873017012,104.18840780177636,,81.28181390135522,102.58284189395631,,82.59481324936128,104.23993095310104,
,Oct,83.8643358727975,106.16523182079308,,83.599833888292,105.83039444075732,,82.55398873017012,104.50644198224059,,81.28181390135522,102.89597509888547,,82.59481324936128,104.55812240752263,
,Nov,83.8643358727975,106.83532598578262,,83.599833888292,106.4983751777372,,82.55398873017012,105.16606619042135,,81.28181390135522,103.54543435529307,,82.59481324936128,105.21807281243306,
,Dec,83.8643358727975,107.82607538750807,,83.599833888292,107.48599982827757,,82.55398873017012,106.14133552384243,,81.28181390135522,104.50567457726385,,82.59481324936128,106.19382443510791,
2009,Jan,88.54991712949499,113.91964755904982,,87.67461749239455,112.79357280483832,,87.14929492857655,112.11774426354847,,86.57681625560984,111.38124929242313,,87.21457547077999,112.20172781318188,
,Feb,88.54991712949499,113.78742235921915,,87.67461749239455,112.66265462677771,,87.14929492857655,111.98761051175532,,86.57681625560984,111.25197038171153,,87.21457547077999,112.07149658266694,
,Mar,88.54991712949499,114.46494750574207,,87.67461749239455,113.33348256189603,,87.14929492857655,112.65441902756122,,86.57681625560984,111.9143986709813,,87.21457547077999,112.73880458181911,
,Apr,88.54991712949499,115.2326162483311,,87.67461749239455,114.09356304022027,,87.14929492857655,113.4099453095057,,86.57681625560984,112.66496194452012,,87.21457547077999,113.49489680253998,
,May,88.54991712949499,112.615484487173,,87.67461749239455,111.50230114495304,,87.14929492857655,110.83420955374473,,86.57681625560984,110.10614604781915,,87.21457547077999,110.9172316516319,
,Jun,88.54991712949499,111.21533407705088,,87.67461749239455,110.11599096399877,,87.14929492857655,109.45620576795176,,86.57681625560984,108.73719428911691,,87.21457547077999,109.538195650554,
,Jul,88.54991712949499,110.47740581929058,,87.67461749239455,109.3853569912831,,87.14929492857655,108.72994955612901,,86.57681625560984,108.01570881230377,,87.21457547077999,108.81139542515862,
,Aug,88.54991712949499,110.83004766004852,,87.67461749239455,109.7345130323334,,87.14929492857655,109.0770135487404,,86.57681625560984,108.36049296164062,,87.21457547077999,109.15871939148104,
,Sep,88.54991712949499,110.6690554974977,,87.67461749239455,109.57511224768587,,87.14929492857655,108.91856785042525,,86.57681625560984,108.20308808394465,,87.21457547077999,109.00015500693782,
,Oct,88.54991712949499,110.39137272958018,,87.67461749239455,109.30017432283388,,87.14929492857655,108.6452772791598,,86.57681625560984,107.93159274261998,,87.21457547077999,108.72665972309626,
,Nov,90.71249309412458,112.25669253217167,,90.63955145769954,112.16642727130554,,90.59577457738138,112.11225339044002,,90.54806802130082,112.0532165365841,,90.601214622565,112.11898544529498,
,Dec,90.71249309412458,111.03864431872027,,90.63955145769954,110.94935848667264,,90.59577457738138,110.89577242286566,,90.54806802130082,110.8373761520587,,90.601214622565,110.90243143114134,
2010,Jan,90.71249309412458,108.9275840731857,,90.63955145769954,108.83999573818228,,90.59577457738138,108.78742844950276,,90.54806802130082,108.73014240519886,,90.601214622565,108.79396085710053,
,Feb,90.71249309412458,108.43365108284046,,90.63955145769954,108.34645991783391,,90.59577457738138,108.2941309959401,,90.54806802130082,108.23710471565657,,90.601214622565,108.30063378228402,
,Mar,90.71249309412458,109.42200502648588,,90.63955145769954,109.33401912911604,,90.59577457738138,109.2812132381651,,90.54806802130082,109.2236671732165,,90.601214622565,109.28777529627995,
,Apr,90.71249309412458,110.56661623627072,,90.63955145769954,110.47770996055097,,90.59577457738138,110.4243516924551,,90.54806802130082,110.36620366567077,,90.601214622565,110.43098239311836,
,May,90.71249309412458,109.20379985354238,,90.63955145769954,109.11598941428032,,90.59577457738138,109.06328882681531,,90.54806802130082,109.00585751802615,,90.601214622565,109.0698377991251,
,Jun,90.71249309412458,108.36378238553779,,90.63955145769954,108.27664740173566,,90.59577457738138,108.22435219772895,,90.54806802130082,108.16736266205261,,90.601214622565,108.230850794034,
,Jul,90.71249309412458,108.38065267500777,,90.63955145769954,108.29350412585781,,90.59577457738138,108.24120078042957,,90.54806802130082,108.18420237250882,,90.601214622565,108.24770038844905,
,Aug,90.71249309412458,108.16536453263998,,90.63955145769954,108.0783890960225,,90.59577457738138,108.0261896463524,,90.54806802130082,107.96930446049718,,90.601214622565,108.03267634350172,
,Sep,90.71249309412458,107.26779430492633,,90.63955145769954,107.18154060176566,,90.59577457738138,107.129774309901,,90.54806802130082,107.073361164698,,90.601214622565,107.13620717959581,
,Oct,90.71249309412458,106.1371631289801,,90.63955145769954,106.05181856286718,,90.59577457738138,106.00059790153243,,90.54806802130082,105.94477936593347,,90.601214622565,106.00696296706406,
,Nov,90.71249309412458,105.0158295570028,,90.63955145769954,104.9313866517629,,90.59577457738138,104.88070713403364,,90.54806802130082,104.82547831834108,,90.601214622565,104.88700495298117,
,Dec,90.71249309412458,103.9213745162155,,90.63955145769954,103.83781165890447,,90.59577457738138,103.78766031348863,,90.54806802130082,103.73300708202929,,90.601214622565,103.79389249776257,
2011,Jan,96.22127693291414,108.74982974063535,,96.50574931497178,109.07134203085627,,96.67647914821262,109.26430185105833,,96.8625347169268,109.47458290390769,,96.6552629719965,109.24032320906983,
,Feb,96.22127693291414,107.27083356577282,,96.50574931497178,107.5879732933098,,96.67647914821262,107.77830886263568,,96.8625347169268,107.98573009608532,,96.6552629719965,107.75465632984537,
,Mar,96.22127693291414,107.78760630199952,,96.50574931497178,108.10627383685669,,96.67647914821262,108.29752633979531,,96.8625347169268,108.50594681632714,,96.6552629719965,108.27375986192149,
,Apr,96.22127693291414,107.72198952583383,,96.50574931497178,108.04046306866334,,96.67647914821262,108.23159914474076,,96.8625347169268,108.43989274323692,,96.6552629719965,108.20784713494646,
,May,96.22127693291414,107.10269185960892,,96.50574931497178,107.41933448636738,,96.67647914821262,107.60937171413752,,96.8625347169268,107.81646782510114,,96.6552629719965,107.58575625551815,
,Jun,96.22127693291414,107.35500020340311,,96.50574931497178,107.67238876451057,,96.67647914821262,107.86287367456926,,96.8625347169268,108.07045765447299,,96.6552629719965,107.83920258357361,
,Jul,96.22127693291414,106.94201451851387,,96.50574931497178,107.25818211243735,,96.67647914821262,107.44793424301774,,96.8625347169268,107.65471966475513,,96.6552629719965,107.42435421272452,
,Aug,96.22127693291414,107.23076400293519,,96.50574931497178,107.5477852672346,,96.67647914821262,107.73804973929386,,96.8625347169268,107.9453934933591,,96.6552629719965,107.71440604158592,
,Sep,96.22127693291414,106.94135481258121,,96.50574931497178,107.25752045612404,,96.67647914821262,107.44727141615786,,96.8625347169268,107.65405556227341,,96.6552629719965,107.42369153132557,
,Oct,96.22127693291414,107.09071021197441,,96.50574931497178,107.40731741571672,,96.67647914821262,107.5973333838989,,96.8625347169268,107.80440632688621,,96.6552629719965,107.5737205671562,
,Nov,96.22127693291414,106.37089308480883,,96.50574931497178,106.68537219277714,,96.67647914821262,106.87411095635342,,96.8625347169268,107.0797920451767,,96.6552629719965,106.85065685468393,
,Dec,96.22127693291414,105.09629969924168,,96.50574931497178,105.40701054900241,,96.67647914821262,105.59348774296429,,96.8625347169268,105.7967042500985,,96.6552629719965,105.57031468098513,
2012,Jan,100,108.91985589285643,,100,108.91985589285643,,100,108.91985589285643,,100,108.91985589285643,,100,108.91985589285643,
,Feb,100,108.52190926502116,,100,108.52190926502116,,100,108.52190926502116,,100,108.52190926502116,,100,108.52190926502116,
,Mar,100,106.175674908834,,100,106.175674908834,,100,106.175674908834,,100,106.175674908834,,100,106.175674908834,
,Apr,100,105.53453924600373,,100,105.53453924600373,,100,105.53453924600373,,100,105.53453924600373,,100,105.53453924600373,
,May,100,104.02491151869464,,100,104.02491151869464,,100,104.02491151869464,,100,104.02491151869464,,100,104.02491151869464,
,Jun,100,102.05878084471809,,100,102.05878084471809,,100,102.05878084471809,,100,102.05878084471809,,100,102.05878084471809,
,Jul,100,101.17631131377274,,100,101.17631131377274,,100,101.17631131377274,,100,101.17631131377274,,100,101.17631131377274,
,Aug,100,101.77920355987722,,100,101.77920355987722,,100,101.77920355987722,,100,101.77920355987722,,100,101.77920355987722,
,Sep,100,101.87425652733585,,100,101.87425652733585,,100,101.87425652733585,,100,101.87425652733585,,100,101.87425652733585,
,Oct,100,102.19240600493931,,100,102.19240600493931,,100,102.19240600493931,,100,102.19240600493931,,100,102.19240600493931,
,Nov,100,100.91513064053572,,100,100.91513064053572,,100,100.91513064053572,,100,100.91513064053572,,100,100.91513064053572,
,Dec,100,100,,100,100,,100,100,,100,100,,100,100,
2013,Jan,102.16257596462961,101.3511659495957,,102.964933965305,102.14715134943127,,103.44647964880483,102.62487243290904,,103.97125176569098,103.14547663069926,,103.386639151785,102.56550720952174,
,Feb,102.16257596462961,100.93554898319434,,102.964933965305,101.72827023669196,,103.44647964880483,102.2040322999094,,103.97125176569098,102.72250162401217,,103.386639151785,102.14491051914878,
,Mar,102.16257596462961,100.8764532285203,,102.964933965305,101.66871035950417,,103.44647964880483,102.1441938735043,,103.97125176569098,102.6623596441386,,103.386639151785,102.0851067073694,
,Apr,102.16257596462961,101.3511659495957,,102.964933965305,102.14715134943127,,103.44647964880483,102.62487243290904,,103.97125176569098,103.14547663069926,,103.386639151785,102.56550720952174,
,May,102.16257596462961,99.07819558039833,,104.58257970720372,101.42513722559595,,105.10824007469853,101.93492743211488,,105.53998440722758,102.35363701353587,,104.94961951390205,101.78109576922584,
,Jun,102.16257596462961,97.6186867503188,,104.58257970720372,99.93105588402908,,105.10824007469853,100.43333643311489,,105.53998440722758,100.84587805469626,,104.94961951390205,100.28177084571317,
,Jul,104.05193749817255,99.25530916305787,,107.94735079161654,102.97115011763366,,108.4317609264859,103.43322971801611,,108.67744969030078,103.66759262174162,,108.18496839002083,103.19781392379888,
,Aug,104.05193749817255,99.59329545986739,,107.94735079161654,103.32178967535546,,108.4317609264859,103.78544275905364,,108.67744969030078,104.02060372034008,,108.18496839002083,103.54922532195029,
,Sep,104.05193749817255,99.81990136535057,,106.32970504971783,102.00502677286583,,106.7700005005922,102.42741437596706,,107.10871704876416,102.75235452837826,,106.6219880279038,102.28542191739456,
,Oct,105.94129903171547,101.45927943569559,,109.69447613413068,105.05367225403928,,110.09352135237958,105.43583521292157,,110.24618233183739,105.58203762043689,,109.85733690402257,105.20964293320405,
,Nov,105.94129903171547,101.2293433916487,,109.69447613413068,104.81559027725959,,110.09352135237958,105.19688714445034,,110.24618233183739,105.34275821506479,,109.85733690402257,104.97120748179735,
,Dec,105.94129903171547,101.2293433916487,,109.69447613413068,104.81559027725959,,110.09352135237958,105.19688714445034,,110.24618233183739,105.34275821506479,,109.85733690402257,104.97120748179735,
2014,Jan,109.40142057512283,103.94663617986198,105.79361427099657,114.43837047861867,108.73244239994987,110.66445719416375,115.6078887904673,109.84364821271113,111.79540749184861,116.60018515694293,110.78646841418936,112.7549802148129,115.2759595468786,109.52826905091058,111.47442450847522
,Feb,109.40142057512283,103.7712481548116,105.89632651786161,114.43837047861867,108.54897933628291,110.77189841474059,115.6078887904673,109.65831022360081,111.9039467224232,116.60018515694293,110.59953961484031,112.8644510693904,115.2759595468786,109.34346319761882,111.5826521050854
,Mar,109.40142057512283,103.71291693044128,105.69110107887352,114.43837047861867,108.48796248449186,110.55722419300659,115.6078887904673,109.59666980188996,111.68707860862007,116.60018515694293,110.5373701153379,112.64572151305435,115.2759595468786,109.2819997556865,111.36640665526934
,Apr,109.40142057512283,103.42224171482906,104.7773451617651,114.43837047861867,108.18390429367209,109.60139804724574,115.6078887904673,109.28950424751247,110.72148426906428,116.60018515694293,110.2275680690505,111.67183919449771,115.2759595468786,108.97571612408423,110.4035846957137
,May,109.40142057512283,102.78845638955711,103.97828056567917,114.43837047861867,107.52093886346017,108.7655437246738,115.6078887904673,108.61976355295947,109.87708782087311,116.60018515694293,109.55207879397555,110.82019504430134,115.2759595468786,108.30789836510655,109.56161264846325
,Jun,109.40142057512283,101.71184080444048,102.70547675461155,114.43837047861867,106.39475482905789,107.43413876382562,115.6078887904673,107.4820703294169,108.53207638803758,116.60018515694293,108.40462041630987,109.463638984437,115.2759595468786,107.17347164573664,108.22046296444252
,Jul,109.40142057512283,100.7124886567986,101.9375853396238,114.43837047861867,105.34939151741868,106.630892866526,115.6078887904673,106.42602378687897,107.72062161130458,116.60018515694293,107.33950951702299,108.64521925371224,115.2759595468786,106.12045718633532,107.41133800769903
,Aug,109.40142057512283,101.2096978712315,102.51242134717808,114.43837047861867,105.86949273719748,107.23219489396881,115.6078887904673,106.95144025099411,108.32806872565403,116.60018515694293,107.86943578452336,109.25788026454146,115.2759595468786,106.6443650934538,108.01704104157703
                                      ,Sep,109.40142057512283,101.43225905401594,102.51242134717808,114.43837047861867,106.10230085756515,107.23219489396881,115.6078887904673,107.18662758524587,108.32806872565403,116.60018515694293,108.10664180054212,109.25788026454146,115.2759595468786,106.87887716622664,108.01704104157703
,Oct,109.40142057512283,103.07557498282405,102.89926067301647,114.43837047861867,107.82127668151453,107.63684468602153,115.6078887904673,108.92317071372194,108.7368538906565,116.60018515694293,109.8580901872548,109.67017415233217,115.2759595468786,108.61043439405938,108.42465251720563
,Nov,118.05172443364125,111.10156224985649,110.10062606205831,126.29810633983867,118.86244771834859,117.7915921616643,129.3938073856866,121.7758928552348,120.6787894888022,132.48519221970682,124.68527589239848,123.56196131248615,128.82251615401864,121.238235750754,120.14597624467407
,Dec,118.05172443364125,110.48501639941334,108.3771355988401,126.29810633983867,118.20283369105478,115.94770904311157,129.3938073856866,121.10011098589386,118.78971083197933,132.48519221970682,123.99334872318428,121.6277501317198,128.82251615401864,120.5654375501394,118.26523812666355
2015,Jan,118.05172443364125,108.67576394745787,104.34181672015988,126.29810633983867,116.26719776816633,111.63050711065527,129.3938073856866,119.11703056581919,114.36668968398011,132.48519221970682,121.96288995588324,117.0990573076664,128.82251615401864,118.5911126994275,113.86174521769202
,Feb,132.46889753117193,124.87900136345577,121.27776936508577,146.06433277520534,137.69547683821324,133.724646259761,152.3703383777188,143.64017553285535,139.49791309695652,158.96020399098,149.8524702846086,145.5310591175455,151.4001104992521,142.72553752487016,138.60965121005907
,Mar,132.46889753117193,125.43994016800809,122.74302122544462,146.06433277520534,138.31398543714963,135.3402786030481,152.3703383777188,144.2853868771916,141.183296805377,158.96020399098,150.52558637797011,147.28933399535975,151.4001104992521,143.3666404446899,140.28430312988323
,Apr,132.46889753117193,125.15884226286968,123.43129984913871,146.06433277520534,138.00403813084787,136.0991960531586,152.3703383777188,143.96205827914747,141.974978843538,158.96020399098,150.1882741395881,148.11525549439912,151.4001104992521,143.04537066218077,141.0709440820134
,May,132.46889753117193,124.2539118126932,122.28841744312818,146.06433277520534,137.00623362823328,134.83901831192568,152.3703383777188,142.92117576656184,140.66039570609783,158.96020399098,149.10237449341753,146.74381794352507,151.4001104992521,142.01111603559102,139.76473163680959
,Jun,138.23576677018423,128.37794438007393,126.32544406037917,153.970823349352,142.99090790995407,140.70477624134185,161.56095077453168,150.03977072739934,147.6409421835088,169.55020869948927,157.4593013849997,154.94184974646274,160.43114823734547,148.99053628780248,146.60848285300958
,Jul,138.23576677018423,127.53520076269926,126.55744671246434,153.970823349352,142.05223674205502,140.96318721699168,161.56095077453168,149.05482693706628,147.91209175593028,169.55020869948927,156.42565170413533,155.22640778089146,160.43114823734547,148.01248025090223,146.8777362650445
,Aug,138.23576677018423,128.16621604959553,127.1411987729462,153.970823349352,142.7550790348964,141.61338642002207,161.56095077453168,149.79231646011942,148.59434310166796,169.55020869948927,157.19961039865828,155.94239674667048,160.43114823734547,148.7448124786417,147.55521659837032
,Sep,138.23576677018423,128.51948566384468,127.1411987729462,153.970823349352,143.14856050963428,141.61338642002207,161.56095077453168,150.20519495091355,148.59434310166796,169.55020869948927,157.63290590692358,155.94239674667048,160.43114823734547,149.15480369275042,147.55521659837032
,Oct,138.23576677018423,128.02545139715227,126.20976141929825,153.970823349352,142.59829146868566,140.5759257136483,161.56095077453168,149.62779991266186,147.5057398555019,169.55020869948927,157.02695843775916,154.79996160566924,160.43114823734547,148.5814464023335,146.47422600058007
,Nov,138.23576677018423,126.2232522978962,123.05451738381579,153.970823349352,140.59095222765382,137.0615275708071,161.56095077453168,147.52150711475755,143.81809635911438,169.55020869948927,154.81650856262016,150.9299625655275,160.43114823734547,146.4898829987273,142.81237035056557
,Dec,138.23576677018423,125.88247677873342,121.75005253522409,153.970823349352,140.21138702185561,135.60857851528615,161.56095077453168,147.12323090764428,142.2935228994771,169.55020869948927,154.3985374271919,149.32999829804842,160.43114823734547,146.0943919539143,141.29845829737934
2016,Jan,138.23576677018423,126.08672092710343,123.05451738381579,153.970823349352,140.43887980772124,137.0615275708071,161.56095077453168,147.36193815086924,143.81809635911438,169.55020869948927,154.649048845408,150.9299625655275,160.43114823734547,146.3314299073279,142.81237035056557
,Feb,138.23576677018423,126.84132045387065,124.38723778869466,153.970823349352,141.27937364770216,138.54594844702524,161.56095077453168,148.24386487538476,145.37569307058493,169.55020869948927,155.5745872226112,152.56458309872818,160.43114823734547,147.20718928109318,144.35907472259336
,Mar,147.650022612257,137.04538846151888,133.82461140401838,158.60018921983487,147.20908373161555,143.74944422925034,161.77659688739791,150.15735299031044,146.62842463339612,172.05951065087396,159.70171936628205,155.94848374447395,161.50979034126672,149.90970923034538,146.38660088203903
,Apr,141.37385205087517,129.50935448542612,126.29904166193778,155.51394530617964,142.46277071687464,138.93136511672142,161.63283281215374,148.06814370184836,144.39779060368932,170.38664268328415,156.08730883919122,152.2181745118587,160.79069560531923,147.29668105537502,143.64545118145458
,May,141.37385205087517,126.48632446030211,123.9663416840128,155.51394530617964,139.13737978236935,136.36535045757353,161.63283281215374,144.6119111698158,141.73081294082434,170.38664268328415,152.44389155063718,149.40675704066342,160.79069560531923,143.8584561394936,140.99236896965985
,Jun,141.37385205087517,123.85803719878933,121.40372996961462,155.51394530617964,136.2462134492292,133.54642848429035,161.63283281215374,141.60698834031314,138.80097701439905,170.38664268328415,149.2762262716629,146.318245267213,160.79069560531923,140.86918951841318,138.07779803488654
,Jul,141.37385205087517,123.60120352911844,122.35219661000221,155.51394530617964,135.96369149288034,134.58975995682385,161.63283281215374,141.31335021000663,139.885359647324,170.38664268328415,148.96668510780253,147.4613565583631,160.79069560531923,140.5770812975352,139.1565308320341
,Aug,141.37385205087517,126.084992917858,124.40399867142325,155.51394530617964,138.69590739807836,136.84678152715014,161.63283281215374,144.153068511424,142.2311865081353,170.38664268328415,151.96019861076206,149.9342301458379,160.79069560531923,143.4020041369357,141.49013549735506
,Sep,141.37385205087517,126.48632446030211,124.18478457684806,155.51394530617964,139.13737978236935,136.6056418240186,161.63283281215374,144.6119111698158,141.98055886671125,170.38664268328415,152.44389155063718,149.67002885923728,160.79069560531923,143.8584561394936,141.2408136726901
,Oct,141.37385205087517,125.68620010947258,122.88555404945296,155.51394530617964,138.25722766988204,135.17646335681002,161.63283281215374,143.69712838961667,140.49514761440042,170.38664268328415,151.47956540482397,148.10416979532198,160.79069560531923,142.94843954820527,139.7631416900639
,Nov,141.37385205087517,124.89613494377656,120.88313078449619,155.51394530617964,137.38814085372772,132.97375940845723,161.63283281215374,142.7938462834483,138.2057755692258,170.38664268328415,150.5273627935836,145.6908085379368,160.79069560531923,142.04986371029094,137.48569770026012
,Dec,141.37385205087517,123.66531203717295,119.44892414806996,155.51394530617964,136.03421207975424,131.39610463581448,161.63283281215374,141.38664551613215,136.56604602857396,170.38664268328415,149.04394998597047,143.96227352138501,160.79069560531923,140.6499947214447,135.85451145635872
2017,Jan,141.37385205087517,122.14483688917494,118.14730133673307,155.51394530617964,134.36166029188846,129.9642946104452,161.63283281215374,139.648285120442,135.07789967620897,170.38664268328415,147.21144240417576,142.39353122819304,160.79069560531923,138.92069150765647,134.37411862405975
,Feb,141.37385205087517,121.52228420370514,117.55607213905134,155.51394530617964,133.67684041272489,129.31393116785748,161.63283281215374,138.93652016060287,134.40194688383426,170.38664268328415,146.46112924207495,141.6809697708376,160.79069560531923,138.21263497601703,133.70168767181258
,Mar,141.37385205087517,121.77054218982099,117.94956526755026,155.51394530617964,133.94992895289388,129.74678114666202,161.63283281215374,139.22035370536403,134.85182787758768,170.38664268328415,146.76033481764608,142.15521569475675,160.79069560531923,138.49498969506914,134.1492247016764
,Apr,141.37385205087517,121.15178943479138,116.48738057415088,155.51394530617964,133.26928907000314,128.13834997542241,161.63283281215374,138.51293320889368,133.1801110030721,170.38664268328415,146.01460140901986,140.3929609547391,160.79069560531923,137.79125499133403,132.486217783887
,May,141.37385205087517,119.9933173667184,115.72227462620899,155.51394530617964,131.99494760431114,127.29671877689746,161.63283281215374,137.18845121041912,132.30536478958726,170.38664268328415,144.61838730395124,139.47083970052077,160.79069560531923,136.47367379111495,131.61602916133273
,Jun,141.37385205087517,118.09149163331821,114.2218237396455,155.51394530617964,129.90290286764053,125.64619406017917,161.63283281215374,135.01409239975374,130.58989814725874,170.38664268328415,142.32626823821252,137.66246576599215,160.79069560531923,134.31064379541624,129.90950042018093
,Jul,141.37385205087517,118.79756931124538,115.15500857411973,155.51394530617964,130.67960183844855,126.67271525348129,161.63283281215374,135.82135154713643,131.65680907983437,170.38664268328415,143.1772474205038,138.7871591137535,160.79069560531923,135.11369697207047,130.9708525477968
,Aug,141.37385205087517,119.39740143656344,115.24916638979767,155.51394530617964,131.33942866622738,126.77629065434269,161.63283281215374,136.50714007323532,131.76445978227088,170.38664268328415,143.90017730126945,138.90064002880973,160.79069560531923,135.79591241203457,131.0779423699945
,Sep,141.37385205087517,118.49967661373213,114.31446106627943,155.51394530617964,130.35191416497753,125.74809689396683,161.63283281215374,135.48077059900044,130.69581047341222,170.38664268328415,142.81822108095915,137.7741141567188,160.79069560531923,134.77489051419968,130.01486092336035
,Oct,141.37385205087517,117.42062326708393,112.9404891784636,155.51394530617964,129.1649348141375,124.23670149860666,161.63283281215374,134.24708808526785,129.12494736676064,170.38664268328415,141.51772403469215,136.1181752846429,160.79069560531923,133.54763571647106,128.452182306493
,Nov,141.36653252837607,116.06936909717184,111.50508934398019,155.51394530617964,127.68514014359909,122.66408502394074,161.63283281215374,132.70906907283432,127.4904543621181,170.38664268328415,139.89640804738795,134.39516040762206,160.79029617042687,132.01730211287963,126.82589025468005
,Dec,141.36653252837607,115.40827423656955,111.32893596428985,155.51394530617964,126.9578854804541,122.4703028991004,161.63283281215374,131.9531996802307,127.2890476411669,170.38664268328415,139.0996018176632,134.18284577822615,160.79029617042687,131.26537280873794,126.6255333980376
2018,Jan,144.9328123505079,118.41605179379142,114.86328609972685,155.89491259336208,127.37253727885354,123.5510555290795,161.63283281215374,132.06065342589866,128.09851694254155,170.38664268328415,139.21287510904568,135.0361548133818,161.00340010086163,131.54638108596214,127.5996740068037
,Feb,144.9328123505079,119.29032945264632,116.81326912971412,155.89491259336208,128.31294157377533,125.64852696490055,161.63283281215374,133.03567055537613,130.2731886125443,170.38664268328415,140.24069781288603,137.3286036824853,161.00340010086163,132.5176012908626,129.7658770416807
,Mar,144.9328123505079,119.78164052946943,117.66939243766807,155.89491259336208,128.84141332655037,126.56940379119055,161.63283281215374,133.58359341598313,131.22795953885773,170.38664268328415,140.8182954150808,138.3350836769009,161.00340010086163,133.06339042303256,130.71692988644875
,Apr,144.9328123505079,119.68305481709949,117.57364842429324,155.89491259336208,128.73537101105526,126.46641810869161,161.63283281215374,133.47364807160787,131.12118333093352,170.38664268328415,140.70239558346347,138.22252461776588,161.00340010086163,132.95387322926874,130.610569487843
,May,144.9328123505079,118.31970024635955,116.24940781452646,155.89491259336208,127.26889811101069,125.04201758293,161.63283281215374,131.95319968023074,129.64435584369855,170.38664268328415,139.09960181766323,136.66571420372833,161.00340010086163,131.43934578808913,129.13949308170479
,Jun,144.9328123505079,115.96085454766816,114.22767898296946,155.89491259336208,124.73163937674015,122.86737379887904,161.63283281215374,129.32255375359136,127.3896713942429,170.38664268328415,136.32648375909739,134.28891917409825,161.00340010086163,128.81894415754508,126.89358885419688
,Jul,144.9328123505079,115.59213958885206,114.13745174838577,155.89491259336208,124.3350363898507,122.77032216080727,161.63283281215374,128.9113532647087,127.2890476411669,170.38664268328415,135.8930132225025,134.18284577822615,161.00340010086163,128.40934497103464,126.79335695146844
,Aug,144.9328123505079,115.59213958885206,115.2296761670306,155.89491259336208,124.3350363898507,123.94515777957096,161.63283281215374,128.9113532647087,128.50712465208716,170.38664268328415,135.8930132225025,135.46689214930964,161.00340010086163,128.40934497103464,128.00669051081263
,Sep,144.9328123505079,116.42506933769087,116.15595973750513,155.89491259336208,125.23096539506177,124.94150149162539,161.63283281215374,129.84025813210854,129.54014012356694,170.38664268328415,136.872226288157,136.55585430485073,161.00340010086163,129.3346324848371,129.0356831998063
,Oct,144.9328123505079,116.70538651908177,115.6909639018866,155.89491259336208,125.53248457338054,124.4413353527478,161.63283281215374,130.15287512600608,129.02156470273601,170.38664268328415,137.20177418451695,136.00919355903466,161.00340010086163,129.64603208151007,128.51912722222502
,Nov,144.9328123505079,115.2257619673343,113.15427871061581,155.89491259336208,123.9409475264914,121.71278610460611,161.63283281215374,128.50275943502658,126.19258755968464,170.38664268328415,135.46229051815223,133.02700294066898,161.00340010086163,128.00234229283797,125.70116671931014
,Dec,144.9328123505079,115.13453016846863,113.68844525055579,155.89491259336208,123.8428153431767,122.28735472508419,161.63283281215374,128.40101536579854,126.78830394470283,170.38664268328415,135.35503613136035,133.6549824982174,161.00340010086163,127.90099443670748,126.29456325771758
2019,Jan,158.40256689227408,124.74840772973758,124.05919810808898,162.5271120118056,127.99665330028402,127.28949778143769,161.7465232502301,127.38190817961627,126.67814900273325,170.38664268328415,134.18635057606602,133.4449982366334,162.1550040876429,127.70360330776413,126.99806683062057
,Feb,158.40256689227408,125.33869987987828,124.64669233748798,162.5271120118056,128.60231569760398,127.89228940471206,161.7465232502301,127.98466168835262,127.27804552524024,170.38664268328415,134.82130176175718,134.07693982260008,162.1550040876429,128.30787903319518,127.59947835468033
,Mar,158.40256689227408,125.53670730464903,124.9425310060105,162.5271120118056,128.80547891355596,128.19583123083083,161.7465232502301,128.18684914757594,127.58012949405017,170.38664268328415,135.03428960024337,134.39516040762206,162.1550040876429,128.51057710433767,127.90232521786392
,Apr,158.40256689227408,125.14131610053987,124.05919810808898,162.5271120118056,128.3997923657967,127.28949778143769,161.7465232502301,127.7831110400245,126.67814900273325,170.38664268328415,134.60898475110872,133.4449982366334,162.1550040876429,128.1058193811744,126.99806683062057
,May,158.40256689227408,123.22214735984534,122.70968080155188,162.5271120118056,126.4306515935986,125.90484123991467,161.7465232502301,125.82342770011391,125.30014271987523,170.38664268328415,132.54461972922095,131.99338209419918,162.1550040876429,126.14118698223201,125.61658047815074
,Jun,158.4,122,122.2,162.5,125.2,125.4,161.7,124.6,124.8,170.4,131.3,131.5,162.2,124.9,125.1
,Jul,165.61115344103942,127.81695105953058,127.59993816129543,172.410225229489,133.06440334748223,132.83848110803748,169.38988616299974,130.7333373375949,130.5113728782927,183.62414856892076,141.71919175321463,141.47857505657961,170.24143319566633,131.3905524051657,131.1674720989794
,Aug,165.61115344103942,127.71870590114511,127.30479566747597,172.410225229489,132.96212478995153,132.5312217068624,169.38988616299974,130.63285052949527,130.20949614842772,183.62414856892076,141.61026078338128,141.15133085829916,170.24143319566633,131.28956043559987,130.86407779188846
,Sep,165.6,126.7,126.4,172.4,131.9,131.6,169.4,129.6,129.3,183.6,140.5,140.2,170.2,130.3,130
,Oct,165.6,126.6,125.2,172.4,131.7,130.3,169.4,129.4,128,183.6,140.3,138.8,170.2,130.1,128.7
,Nov,165.61115344103942,126.16707393879256,124.23951842040354,172.410225229489,131.34679145917005,129.34010124439467,169.38988616299974,129.04581513961534,127.07427878443245,183.62414856892076,139.88986277841997,137.75265321536043,170.24143319566633,129.69454679325398,127.71309924460446
,Dec,165.61115344103942,125.50002747536993,122.3069036894195,172.410225229489,130.6523597822711,127.32814411392631,169.38988616299974,128.36354874537264,125.09756778111908,183.62414856892076,139.1502638060265,135.6098341653437,170.24143319566633,129.00885054887874,125.72645103413284
2020,Jan,179.08090798280563,133.45983066224505,130.3238432546403,187.5943875900902,139.80449107039848,136.51941929001455,177.54784647488796,132.31731842268715,129.2081773251557,184.27278160951118,137.3290682199775,134.10216296692164,178.54953971089233,133.06382909855157,129.9371467823063
,Feb,179.08090798280563,133.45983066224505,130.3238432546403,187.5943875900902,139.80449107039848,136.51941929001455,177.54784647488796,132.31731842268715,129.2081773251557,184.27278160951118,137.3290682199775,134.10216296692164,178.54953971089233,133.06382909855157,129.9371467823063
,Mar,179.08090798280563,134.67187756028764,132.0589240080305,187.5943875900902,141.07415849687033,138.33698552316565,177.54784647488796,133.51898932662678,130.92840453806457,184.27278160951118,138.57625451057265,135.88754679340434,178.54953971089233,134.27227961508737,131.66707920988142
NWRI - Nominal Wage Rate Index,,,,,,,,,,,,,,,,
RWRI* - Real Wage Rate Index (Based on CCPI (2006/07=100)),,,,,,,,,,,,,,,,
RWRI** - Real Wage Rate Index (Based on NCPI (2013=100)),,,,,,,,,,,,,,,,
Source: Central Bank of Sri Lanka,,,,,,,,,,,,,,,,

<new sheet>
sheet_name: Formal Public Sector (2016=100)
,,,,,,,,,,,,,,,,2016=100
 Period,,SENIOR LEVEL OFFICERS,,,TERTIARY LEVEL OFFICERS,,,SECONDARY LEVEL OFFICERS,,,PRIMARY LEVEL OFFICERS,,,All CENTRAL GOVERNMENT ,,
,,NWRI ,RWRI*,RWRI**,NWRI,RWRI*,RWRI**,NWRI,RWRI*,RWRI**,NWRI,RWRI*,RWRI**,NWRI,RWRI*,RWRI**
Index Numbers,,,,,,,,,,,,,,,,
2016,Jan,100,101.54545454545455,101.60714285714286,100,101.54545454545455,101.60714285714286,100,101.54545454545455,101.60714285714286,100,101.54545454545455,101.60714285714286,100,101.54545454545455,101.60714285714286
,Feb,100,102.19579139981703,102.70758122743683,100,102.19579139981703,102.70758122743683,100,102.19579139981703,102.70758122743683,100,102.19579139981703,102.70758122743683,100,102.19579139981703,102.70758122743683
,Mar,100,102.85451197053408,103.45454545454545,100,102.85451197053408,103.45454545454545,100,102.85451197053408,103.45454545454545,100,102.85451197053408,103.45454545454545,100,102.85451197053408,103.45454545454545
,Apr,100,102.00913242009132,101.97132616487455,100,102.00913242009132,101.97132616487455,100,102.00913242009132,101.97132616487455,100,102.00913242009132,101.97132616487455,100,102.00913242009132,101.97132616487455
,May,100,100.17937219730942,100.08795074758135,100,100.17937219730942,100.08795074758135,100,100.17937219730942,100.08795074758135,100,100.17937219730942,100.08795074758135,100,100.17937219730942,100.08795074758135
,Jun,100,98.67491166077738,98.01894918173988,100,98.67491166077738,98.01894918173988,100,98.67491166077738,98.01894918173988,100,98.67491166077738,98.01894918173988,100,98.67491166077738,98.01894918173988
,Jul,100,98.0684811237928,98.78472222222223,100,98.0684811237928,98.78472222222223,100,98.0684811237928,98.78472222222223,100,98.0684811237928,98.78472222222223,100,98.0684811237928,98.78472222222223
,Aug,100,99.64317573595005,100.44130626654899,100,99.64317573595005,100.44130626654899,100,99.64317573595005,100.44130626654899,100,99.64317573595005,100.44130626654899,100,99.64317573595005,100.44130626654899
,Sep,100,99.91055456171735,100.26431718061673,100,99.91055456171735,100.26431718061673,100,99.91055456171735,100.26431718061673,100,99.91055456171735,100.26431718061673,100,99.91055456171735,100.26431718061673
,Oct,100,99.64317573595005,99.21534437663469,100,99.64317573595005,99.21534437663469,100,99.64317573595005,99.21534437663469,100,99.64317573595005,99.21534437663469,100,99.64317573595005,99.21534437663469
,Nov,100,98.3274647887324,97.59862778730704,100,98.3274647887324,97.59862778730704,100,98.3274647887324,97.59862778730704,100,98.3274647887324,97.59862778730704,100,98.3274647887324,97.59862778730704
,Dec,100,97.38448125544899,96.44067796610169,100,97.38448125544899,96.44067796610169,100,97.38448125544899,96.44067796610169,100,97.38448125544899,96.44067796610169,100,97.38448125544899,96.44067796610169
2017,Jan,100.01038923896459,96.22015915583415,95.39968395133421,100,96.21016365202412,95.38977367979884,100,96.21016365202412,95.38977367979884,100,96.21016365202412,95.38977367979884,100.00060162655522,96.21074247791748,95.39034757000825
,Feb,100.01038923896459,95.72545396737229,94.92228770136923,100,95.71550985432734,94.91242702251876,100,95.71550985432734,94.91242702251876,100,95.71550985432734,94.91242702251876,100.00060162655522,95.71608570425208,94.91299804088393
,Mar,100.01038923896459,95.88978951066392,95.24001920831942,100,95.87982832618026,95.23012552301255,100,95.87982832618026,95.23012552301255,100,95.87982832618026,95.23012552301255,100.00060162655522,95.88040516468858,95.23069845273626
,Apr,100.01038923896459,95.39846693417887,94.05935781317497,100,95.38855678906918,94.0495867768595,100,95.38855678906918,94.0495867768595,100,95.38855678906918,94.0495867768595,100.00060162655522,95.38913067195746,94.05015260414862
,May,100.01038923896459,94.51066394240563,93.44156235955806,100,94.50084602368867,93.43185550082102,100,94.50084602368867,93.43185550082102,100,94.50084602368867,93.43185550082102,100.00060162655522,94.50141456587326,93.43241761167474
,Jun,100.01038923896459,93.01549107404118,92.23000239379392,100,93.00582847626978,92.22042139384116,100,93.00582847626978,92.22042139384116,100,93.00582847626978,92.22042139384116,100.00060162655522,93.00638802403179,92.22097621638561
,Jul,100.01038923896459,93.56080802338647,92.98351548524649,100,93.55108877721942,92.97385620915033,100,93.55108877721942,92.97385620915033,100,93.55108877721942,92.97385620915033,100.00060162655522,93.55165160541222,92.9744155645587
,Aug,100.01038923896459,94.03333735683793,93.05954452489101,100,94.02356902356904,93.04987735077678,100,94.02356902356904,93.04987735077678,100,94.02356902356904,93.04987735077678,100.00060162655522,94.02413469432844,93.05043716354852
,Sep,100.01038923896459,93.32631978272636,92.30480369338338,100,93.31662489557226,92.29521492295216,100,93.31662489557226,92.29521492295216,100,93.31662489557226,92.29521492295216,100.00060162655522,93.31718631316808,92.29577019547433
,Oct,100.01038923896459,92.47649402311544,91.19537095668406,100,92.46688741721854,91.18589743589745,100,92.46688741721854,91.18589743589745,100,92.46688741721854,91.18589743589745,100.00060162655522,92.46744372256804,91.18644603447103
,Nov,100.01038923896459,91.41702518815339,90.04099917242223,100,91.40752864157119,90.03164556962025,100,91.40752864157119,90.03164556962025,100,91.40752864157119,90.03164556962025,100.00060162655522,91.40807857353698,90.0321872239081
,Dec,100.01038923896459,90.89634237585308,89.89875430801084,100,90.88689991863303,89.88941548183254,100,90.88689991863303,89.88941548183254,100,90.88689991863303,89.88941548183254,100.00060162655522,90.88744671835816,89.88995628042642
2018,Jan,103.4013655284993,94.05482515906655,93.53796023166312,100.2378805502055,91.17729037017878,90.67623852633852,100,90.96091205211727,90.46104928457869,100,90.96091205211727,90.46104928457869,100.2058737963333,91.14817673493835,90.64728488094379
,Feb,103.4013655284993,94.74924142357155,95.12591266890234,100.2378805502055,91.85046150498732,92.21560878426342,100,91.63248564397045,91.9967663702506,100,91.63248564397045,91.9967663702506,100.2058737963333,91.82113292084027,92.1861636056809
,Mar,103.4013655284993,95.13947717902283,95.82308955328355,100.2378805502055,92.22875829866518,92.89145607991357,100,92.00988467874795,92.67100977198697,100,92.00988467874795,92.67100977198697,100.2058737963333,92.19930892133796,92.86179509790495
,Apr,103.4013655284993,95.06117308257919,95.74512121353311,100.2378805502055,92.15284985562103,92.81587312134569,100,91.93415637860083,92.59560618388933,100,91.93415637860083,92.59560618388933,100.2058737963333,92.12342471646444,92.78623627357793
,May,103.4013655284993,93.97829560238706,94.66673690380708,100.2378805502055,91.1031021762242,91.77048114733215,100,90.88689991863303,91.5526950925181,100,90.88689991863303,91.5526950925181,100.2058737963333,91.07401222986516,91.74117810155052
,Jun,103.4013655284993,92.1047251158961,93.02035887069738,100.2378805502055,89.28685213283855,90.17447277955246,100,89.07496012759171,89.96047430830039,100,89.07496012759171,89.96047430830039,100.2058737963333,89.25834212958875,90.14567935195832
,Jul,103.4013655284993,91.81186430471679,92.9468830738011,100.2378805502055,89.00295117216181,90.10324491795724,100,88.79173290937997,89.88941548183254,100,88.79173290937997,89.88941548183254,100.2058737963333,88.97453182075063,90.0744742339868
,Aug,103.4013655284993,91.81186430471679,93.83632693096666,100.2378805502055,89.00295117216181,90.96547692674152,100,88.79173290937997,90.74960127591706,100,88.79173290937997,90.74960127591706,100.2058737963333,88.97453182075063,90.93643092522112
,Sep,103.4013655284993,92.47343898745693,94.59063824070113,100.2378805502055,89.64428548805408,91.69671066409474,100,89.43154523618895,91.47909967845659,100,89.43154523618895,91.47909967845659,100.2058737963333,89.61566135348622,91.66743117381614
,Oct,103.4013655284993,92.69608771696126,94.21197275535003,100.2378805502055,89.86012245150847,91.32963015703271,100,89.64686998394865,91.1128903122498,100,89.64686998394865,91.1128903122498,100.2058737963333,89.83142939847858,91.30046787848461
,Nov,103.4013655284993,91.5208599804546,92.14624430026014,100.2378805502055,88.72084990061771,89.32710106979941,100,88.51030110935024,89.11511354737667,100,88.51030110935024,89.11511354737667,100.2058737963333,88.69252062639008,89.29857821474337
,Dec,103.4013655284993,91.44839690841941,92.58123837248797,100.2378805502055,88.65060378034802,89.74878683409432,100,88.44022169437847,89.5357985837923,100,88.44022169437847,89.5357985837923,100.2058737963333,88.62229693626627,89.72012933141409
2019,Jan,114.85072827295807,100.6972240823345,102.67095740347705,104.83645555486704,91.9170493365671,93.71868532713174,100.53027464356623,88.14153593160398,89.86916932001444,100,87.67660910518053,89.39512961508248,101.3902999221614,88.89557693332361,90.63799003253706
,Feb,114.85072827295807,101.17370936979036,103.15716556797653,104.83645555486704,92.3519880558253,94.16249914872826,100.53027464356623,88.55860944547594,90.29475338940675,100,88.09148264984228,89.81846882399368,101.3902999221614,89.31621846455386,91.06721492614022
,Mar,114.85072827295807,101.33354145410281,103.40200061283724,104.83645555486704,92.49788377155332,94.38598609291034,100.53027464356623,88.69851246197749,90.50906055726136,100,88.23064770932069,90.03164556962025,101.3902999221614,89.4573183357459,91.28335546789532
,Apr,114.85072827295807,101.00262449896339,102.67095740347705,104.83645555486704,92.1958207269257,93.71868532713174,100.53027464356623,88.40885672461623,89.86916932001444,100,87.94251984098628,89.39512961508248,101.3902999221614,89.16518462588229,90.63799003253706
,May,114.85072827295807,99.46522292679282,101.55410161198623,104.83645555486704,90.7924710571893,92.69921244867032,100.53027464356623,87.063149957129,88.89157151855352,100,86.60391137477201,88.42268842268842,101.3902999221614,87.80796548720419,89.65202899100208
,Jun,114.85072827295807,98.51101110337453,101.16109038283768,104.83645555486704,89.92146059935423,92.34046936643863,100.53027464356623,86.22791644908892,88.54756388883776,100,85.77308353609214,88.08049535603716,101.3902999221614,86.96558664972987,89.30507841441153
,Jul,119.92676202000689,103.0447639818059,105.4688216219226,111.15273917781683,95.5058535858626,97.75256351186673,107.54171773938546,92.40315285761042,94.57687386972229,107.75044255231678,92.58249563918295,94.76043556764797,108.44545365197,93.1796705609619,95.37165862128427
,Aug,119.92676202000689,102.96555970510968,105.22486906612787,111.15273917781683,95.43244401354451,97.52645889310375,107.54171773938546,92.33212814365378,94.35811471659265,107.75044255231678,92.5113330752789,94.54125183079144,108.44545365197,93.10804898481975,95.15106110712557
,Sep,119.92676202000689,102.18016260590977,104.49973597149146,111.15273917781683,94.70450775104607,96.854377629675,107.54171773938546,91.62784036223766,93.70786737168503,107.75044255231678,91.80567836074589,93.88974243838935,108.44545365197,92.3978426615183,94.4953493537074
,Oct,119.92676202000689,102.0259294035102,103.46979164425159,111.15273917781683,94.56155848242481,95.899785583287,107.54171773938546,91.4895350895936,92.78428717772604,107.75044255231678,91.66710465513678,92.9643696925978,108.44545365197,92.25837512882842,93.56400777554347
,Nov,119.92676202000689,101.71464933663458,102.69123790727451,111.15273917781683,94.27305213486821,95.17819201230665,107.54171773938546,91.21040145398148,92.08613603267167,107.75044255231678,91.38742925659673,92.26486352485816,108.44545365197,91.97689577012189,92.85998965834601
,Dec,119.92676202000689,101.17688306370674,101.09381865093914,111.15273917781683,93.77462965379262,93.69764235878189,107.54171773938546,90.72817123481389,90.653685027719,107.75044255231678,90.90426308983223,90.82963231447148,108.44545365197,91.4906130885578,91.4155009303273
2020,Jan,131.3761247644657,109.00054716920236,109.12848903792843,120.97097254800826,100.3675684829604,100.48537719681269,115.12023654989605,95.51331184934357,95.62542276918371,108.325034768871,89.87544794077738,89.98094128976291,114.60883866888834,95.0890136829077,95.20062657313498
,Feb,131.3761247644657,109.00054716920236,109.12848903792843,120.97097254800826,100.3675684829604,100.48537719681269,115.12023654989605,95.51331184934357,95.62542276918371,108.325034768871,89.87544794077738,89.98094128976291,114.60883866888834,95.0890136829077,95.20062657313498
,Mar,131.3761247644657,109.99046132109221,110.58138312275292,120.97097254800826,101.27908020480365,101.82320026600104,115.12023654989605,96.38073849580583,96.89854230309298,108.325034768871,90.69167299775721,91.17891240160888,114.60883866888834,95.9525869655981,96.4680905363868
,Apr,131.3761247644657,109.88058074035186,110.90951779077295,120.97097254800826,101.17790230250115,102.12534626085562,115.12023654989605,96.28445404176406,97.18607506957098,108.325034768871,90.60107192583139,91.44947297253353,114.60883866888834,95.85673023536275,96.75434599791907
,May,131.3761247644657,109.34957627563949,110.41804282271931,120.97097254800826,100.68895405076397,101.67279672055642,115.12023654989605,95.81915367081513,96.75541299393035,108.325034768871,90.16323683817356,91.04423158565376,114.60883866888834,95.39349686523718,96.32559704962698
,Jun,131.3761247644657,108.46055533030906,108.89004368678945,120.97097254800826,99.87034466823742,100.2658170135713,115.12023654989605,95.04013616129629,95.41648156866837,108.325034768871,89.43020239233475,89.78433326072482,114.60883866888834,94.61793998015393,94.99261355076105
,Jul,131.3761247644657,108.38045152282731,108.89004368678945,120.97097254800826,99.79658518177638,100.2658170135713,115.12023654989605,94.96994403710035,95.41648156866837,108.325034768871,89.36415349839655,89.78433326072482,114.60883866888834,94.54805966997657,94.99261355076105
,Aug,131.4,108.4,108.5,121,99.8,99.9,115.1,95,95.1,108.3,89.4,89.5,114.6,94.5,94.6
,Sep,131.3761247644657,107.7,107.63573072855432,120.97097254800826,99.13762020258636,99.11084719916012,115.12023654989605,94.34284976246066,94.31737162979243,108.325034768871,88.7740747152083,88.75010048018372,114.6,93.92375113217041,93.89838618084588
,Oct,131.3761247644657,107.50705594278988,107.48097051183461,120.97097254800826,98.99236361620896,98.96834418377671,115.12023654989605,94.20461848075743,94.18176074319317,108.325034768871,88.64400281086367,88.62249429689088,114.60883866888834,93.78613391439434,93.76337771760959
,Nov,131.3761247644657,107.0365655447908,106.94279683974388,120.97097254800826,98.5591366419586,98.47279453478782,115.12023654989605,93.79234443926615,93.7101782502015,108.325034768871,88.25606406770892,88.17874790198512,114.60883866888834,93.37569131520662,93.29389013247133
,Dec,131.3761247644657,106.33850098688998,105.88245749430733,120.97097254800826,97.91635966385886,97.49643538217663,115.12023654989605,93.18065523640136,92.78104050551113,108.325034768871,87.68048104118037,87.30445436754619,114.60883866888834,92.76671941532484,92.36887989036468
2021,Jan,131.3761247644657,105.8018250626591,105.21184375929765,120.97097254800826,97.42218913923953,96.87893508770823,115.12023654989605,92.71038516671514,92.1934054847162,108.325034768871,87.23796960117443,86.75150567697058,114.60883866888834,92.29853842332248,91.78385531681558
,Feb,131.3761247644657,105.49757826161623,104.6960994271442,120.97097254800826,97.14203906263496,96.40403834708219,115.12023654989605,92.44378449046289,91.74147702645777,108.325034768871,86.9871055620625,86.3262531981619,114.60883866888834,92.03312206552715,91.33393445741942
,Mar,131.3761247644657,105.64948262196413,105.21184375929765,120.97097254800826,97.28191240901745,96.87893508770823,115.12023654989605,92.57689289145708,92.1934054847162,108.325034768871,87.1123569739589,86.75150567697058,114.60883866888834,92.16563915993396,91.78385531681558
,Apr,131.4,105.7,105.1,121,97.4,96.8,115.1,92.6,92.1,108.3,87.2,86.7,114.6,92.2,91.7
,May,131.4,104.6,104.1,121,96.3,95.9,115.1,91.7,91.2,108.3,86.2,85.8,114.6,91.2,90.8
,Jun,131.4,103.1,102.6,121,94.9,94.5,115.1,90.3,89.9,108.3,85,84.6,114.6,89.9,89.5
,Jul,131.4,102.5,102,121,94.4,93.9,115.1,89.9,89.4,108.3,84.6,84.1,114.6,89.5,89
,Aug,131.4,102.3,101.6,121,94.2,93.6,115.1,89.6,89.1,108.3,84.3,83.8,114.6,89.2,88.7
,Sep,131.3761247644657,101.83700996662608,101.36002032675385,120.97097254800826,93.77139232208553,93.33218085398875,115.12023654989605,89.23615838045377,88.81818928391979,108.325034768871,83.96881598669599,83.57551835049166,114.60883866888834,88.83974517220561,88.4236328170813
,Oct,131.3761247644657,99.89593693799058,99.2735922854993,120.97097254800826,91.98405468762779,91.41100050440465,115.12023654989605,87.53526495999583,86.98992642349383,108.325034768871,82.36832119593527,81.85517235522921,114.60883866888834,87.14640761956996,86.60349163691563
,Nov,131.3761247644657,97.37699493159137,96.26917577718089,120.97097254800826,89.6646160160088,88.64453751425202,115.12023654989605,85.32800545868209,84.35726284210025,108.325034768871,80.29134959311807,79.37790699740837,114.60883866888834,84.94895341283895,83.9825231198937
,Dec,131.3761247644657,94.9,92.9,120.97097254800826,87.3,85.5,115.12023654989605,83.1,81.4,108.325034768871,78.2,76.6,114.60883866888834,82.8,81
2022,Jan,141.5,99.8,97,141.2,99.5,96.8,135.4,95.5,92.8,123.8,87.3,84.9,133.1,93.9,91.3
,Feb,141.5,98.7,96,141.2,98.5,95.7,135.4,94.5,91.8,123.8,86.4,84,133.1,92.9,90.3
,Mar,141.5,95.9,93.3,141.2,95.6,93,135.4,91.7,89.2,123.8,83.9,81.6,133.1,90.2,87.7
,Apr,141.5,87.7,84.6,141.2,87.5,84.4,135.4,83.9,81,123.8,76.8,74,133.1,82.5,79.6
,May,141.5,81,77.2,141.2,80.8,77,135.4,77.5,73.8,123.8,70.9,67.5,133.1,76.2,72.6
,Jun,141.5,71.79245719928032,69.57195800874517,141.2,71.6072454008384,69.39247470413898,135.4,68.6787177880218,66.55452475710236,123.8,62.8126941411011,60.86993382982644,133.1,67.52547953020931,65.43695549179779
,Jul,141.52819225856334,68.70360310856813,65.89978837571402,141.1630746397906,68.52636000549592,65.7297786170547,135.38991635561683,65.72383162504303,63.041622263785584,123.82591987350457,60.110192307129346,57.65707725697553,133.11647799957106,64.62021118014815,61.983040901600596
,Aug,141.52819225856334,67.0428289876231,64.32071996415539,141.1630746397906,66.86987038704245,64.15478392175787,135.38991635561683,64.13508760357252,61.53104026065973,123.82591987350457,58.65714694601553,56.27551789778283,133.11647799957106,63.058145006582215,60.49782426657821
,Sep,141.52819225856334,64.60440978864538,62.864591253023065,141.1630746397906,64.43774187684762,62.70241176427858,135.38991635561683,61.802426060165104,60.13806589098047,123.82591987350457,56.52372394716168,55.0015210054833,133.11647799957106,60.76465301410743,59.12824042291643
,Oct,141.52819225856334,64.84290022674949,62.693298088845886,141.1630746397906,64.67561705194673,62.53156050606528,135.38991635561683,62.0305728339721,59.97420195122303,123.82591987350457,56.73238412580172,54.8516531008362,133.11647799957106,60.98896879635803,58.96712805119185
,Nov,141.52819225856334,65.16364004650258,62.84006351550725,141.1630746397906,64.9955294198871,62.67794730397258,135.38991635561683,62.33740171855895,60.11460195579085,123.82591987350457,57.01300597638277,54.980061184568164,133.11647799957106,61.29064547630704,59.10517048907993
,Dec,141.52819225856334,65.00287448717732,62.84006351550725,141.1630746397906,64.83517860717357,62.67794730397258,135.38991635561683,62.1836087866875,60.11460195579085,123.82591987350457,56.872348889269986,54.980061184568164,133.11647799957106,61.139435002270105,59.10517048907993
2023,Jan,141.52819225856334,64.71018860123424,62.404106682396694,141.1630746397906,64.54324779887274,62.24311516212143,135.38991635561683,61.90361709751289,59.69755318107278,123.82591987350457,56.61627200110708,54.598633604496825,133.11647799957106,60.86414487332004,58.69512470768889
,Feb,141.52819225856334,64.40285789019934,61.70087569087532,141.1630746397906,64.2367099465298,61.541698381754564,135.38991635561683,61.609615749820215,59.024822302501164,123.82591987350457,56.34738205492768,53.98336237818452,133.11647799957106,60.575080333024594,58.03369018134062
,Mar,141.52819225856334,62.58636702662961,61.489984025916286,141.1630746397906,62.424905307012295,61.331350779863804,135.38991635561683,59.87190863892785,58.823077304396925,123.82591987350457,54.7580969200451,53.79884893255597,133.11647799957106,58.86655242619569,57.83533284185362
,Apr,141.52819225856334,63.465114769593214,62.1270287543545,141.1630746397906,63.30138603675193,61.966752045960085,135.38991635561683,60.7125438616273,59.43249251080656,123.82591987350457,55.526931354179894,54.356212439010676,133.11647799957106,59.693071883037746,58.43451487918906
,May,141.52819225856334,63.465114769593214,62.00467123834395,141.1630746397906,63.30138603675193,61.84471019062585,135.38991635561683,60.7125438616273,59.31544181162231,123.82591987350457,55.526931354179894,54.24915933721056,133.11647799957106,59.693071883037746,58.31942967017047
,June,141.52819225856334,63.465114769593214,61.94367303742084,141.1630746397906,63.30138603675193,61.78386935423565,135.38991635561683,60.7125438616273,59.257089188098824,123.82591987350457,55.526931354179894,54.1957907594071,133.11647799957106,59.693071883037746,58.26205689135082
,July,141.52819225856334,64.2,62.4,141.1630746397906,64,62.2,135.38991635561683,61.4,59.7,123.82591987350457,56.1,54.6,133.11647799957106,60.4,58.7
NWRI - Nominal Wage Rate Index,,,,,,,,,,,,,,,,
RWRI* - Real Wage Rate Index (Based on CCPI (2013=100)),,,,,,,,,,,,,,,,
RWRI** - Real Wage Rate Index (Based on NCPI (2013=100)),,,,,,,,,,,,,,,,


Source: Central Bank of Sri Lanka,,,,,,,,,,,,,,,,

