<new sheet>
sheet_name: Banking Industry

Table4.1 : Annual Statistics of the Banking Industry,,,,,,,,,,,,,,,,,,,,,,,,,,,,

,Item,1998.0,1999.0,2000.0,2001.0,2002.0,2003.0,2004.0,2005.0,2006.0,2007.0,2008.0,2009.0,2010.0,2011.0,2012.0,2013.0,2014.0,2015.0,2016.0,2017.0,2018.0,2019.0,2020.0,Q1 2021*,Q2 2021*,Q3 2021*,2021 *
"Assets and Liabilities, Rupees Million",,,,,,,,,,,,,,,,,,,,,,,,,,,,
1,Assets,703178.54366,779519.88859276,944450.5800843401,1018905.3367144995,1099219.3661899997,1265309.7610388403,1463994.497295,1780954.562,2142164.004,2504201.1300000004,2697449.701,3013256.4103213,3550515.442,4252233.686000001,5098219.340000001,5941472.709000001,6971832.4070000015,8077474.111,9046583.446,10292397.388,11793991.691,12522707.253,14666263.666,15329698.320000002,15857282.914,16494020.265,16923563.757
2,Gross Loans and Advances(a),372525.83113999997,435590.33999943995,523620.10829268006,593327.5146198928,606349.73028,674567.53566784,815778.2411499999,1002578.0659999999,1289764.0490448,1534098.3585887998,1634806.6984837998,1596446.1694498998,1975360.1016479998,2601172.6985919,3149325.7670488,3426558.111781,3894545.0907819998,4715290.439514,5540751.4852,6430920.113264799,7693393.5906388,8122439.182584,9202141.337000003,9763029.224000001,9996226.3022096,10355199.550535899,10479665.866351865
3,Net Loans and Advances(b),349105.611,404194.10646648007,489224.75138215994,555695.5405598928,564543.7031,627939.1263489999,766955.6367949999,955178.657,1245325.5290448,1490392.6145888,1585633.1814838,1538405.4184498999,1926838.1076480001,2555486.3325919,3100991.0650488003,3364477.6187810004,3828861.976781999,4643671.205514,5466601.6872,6351193.8122648,7579910.2036387995,7960669.954584001,8970392.037999999,9515421.531,9733512.930209601,10073843.606535902,10179965.925351866
4,Gross Non-performing Advances(a),54935.62896,68716.8749126,71324.67616262,90526.48904,86921.69842000002,83167.24956000001,74947.5496,70701.128,72567.629,79064.35800000001,103270.58700000003,135579.3743213,107043.921,99297.26300000002,116635.36800000003,191032.59799999997,165473.55,152811.73200000002,142348.93399999998,160672.205,263146.1099999999,381688.284,448061.823,449242.116,499969.9779999999,498868.068,468148.5619999999
5,Net Non-performing Advances(b),31515.408820000004,37320.64137964,36929.3192521,52894.51498,45115.671239999996,36538.84024116,27165.803245,24154.785,28129.109000000004,35358.614,54097.06999999999,77538.6233213,58521.926999999996,53610.897,68300.66600000001,128952.105,99790.436,81192.498,68199.13600000001,80945.90400000001,149662.723,219919.05599999995,216312.52400000003,201634.42300000004,237256.60599999997,217512.124,168448.621
6,Specific Provision for Bad and Doubtful Advances,23420.220139999998,31396.233532959996,34395.35691052,37631.97406000001,41806.02718,46628.40931884,47781.746355,46546.343,44438.520000000004,43705.744000000006,49173.517,58040.751000000004,48521.994000000006,45686.365999999995,48334.702,62080.493,65683.114,71619.23400000001,74149.798,79726.301,113483.387,161769.22800000003,231749.29899999997,247607.69299999997,262713.37200000003,281355.94399999996,299699.941
7,Investments,152690.32322,170139.039891,205731.603,233996.45919999998,309486.53969999996,389446.31190000003,403144.469135,442646.054,487804.09199999995,552230.6880000001,673458.7939999999,929216.547,1080858.629,1057143.674,1218064.8,1694950.412,1927548.8169999998,2347596.329,2270532.921,2554383.7560000005,2671557.9519999996,2996674.3939999994,4195762.039,4327043.348999999,4436005.334,4498921.526,4885642.617
8,Risk Weighted Assets(c),364000.36,402173.9049999999,442112.262,443050.191,465865.993,605378.979,717434.7490000001,858852.0829999999,1131031.659,1357132.796,1571384.3997999998,1526979.8617387763,1814956.8849999998,2268964.0519999997,2601094.866,2942133.0490000006,3498306.47,4291298.384000001,5058816.322000001,5712808.4399999995,6787197.462,7143741.990999999,7665631.492999999,7831288.325198399,8122765.819999999,8330710.636,8240088.698
9,Capital Funds (d),48416.592599999996,45354.6819348,48685.963749079994,54043.75270796348,65305.41553,88412.99811404,103087.44642499999,137271.79200000002,162519.342,199778.98700000002,218779.14800000002,243176.18,294632.07399999996,370848.7749999999,435910.45000000007,489610.643,568510.851,636726.7660000001,707284.764,866704.2300000001,1030354.162,1129897.8839999998,1254163.8080000002,1300898.5469999998,1355345.779,1408196.318,1464433.402
10,Core Capital (Tier 1 Capital)(c),42130.276000000005,48486.164000000004,43947.639,44827.90000000001,54548.208999999995,68478.182,82062.82199999999,115474.85,136419.81199999998,165624.565,195776.327,214929.827,259945.37400000004,325756.757,381877.69599999994,438271.248,492477.0,559966.148,636755.0589999999,763492.613,890613.5319999999,927923.434,999756.2459999999,1039838.6564355494,1059422.295,1072779.589,1083785.476
11,Capital Base(c),46012.003,51421.54,45971.875,46439.027,57083.056000000004,71987.70000000001,81530.56599999999,116437.264,150001.075,185856.355,227436.17799999996,246592.07700000002,294065.343,362731.725,427507.09800000006,517844.3659999999,580120.0,661314.8960000001,790188.8319999999,935596.5299999999,1102385.165,1181103.776,1265377.9990000003,1297337.857719435,1326675.3969999999,1350397.9410000003,1363610.884
12,Deposits,480245.64006,539590.6927006,609515.5088026599,698478.244300774,792574.79867,911501.47083638,1079015.89444,1272982.6940000001,1494457.4070000001,1741309.9249999998,1878231.2470000004,2231575.241,2586031.5760000004,3072543.865,3625373.9639999997,4169520.12,4686305.628,5403131.036,6295558.603999999,7399006.061999999,8492427.174999999,9162264.216,11140932.121,11644623.509,12059655.904,12465594.604999999,12671270.839999998
,Time Deposits,198952.8603,213941.70935664,247841.41586059998,299263.5904797231,330223.09339,386173.4510783,460619.44314499997,554113.203,704966.608,918239.612,1057020.319,1249748.263,1374356.588,1713124.365,2221235.768,2637791.949,2704033.523,3079517.213,3812448.651,4704310.034,5564925.709,6092544.104,7022131.707,7300071.621,7469864.673,7608962.94,7676265.519
,Savings Deposits,191528.79538,227247.87019999998,253728.172351,283185.17764,325227.92813,378775.562,447740.124,511522.152,542333.329,573693.271,585098.702,709169.498,863124.552,979663.751,1006402.527,1117772.635,1461610.748,1729594.75,1858106.999,2032338.441,2170786.054,2344127.598,3153232.752,3374105.278,3562520.611,3724535.58,3742707.439
,Demand Deposits,58418.25794000001,66993.5070016,72604.75139932001,72311.17244565958,87311.48381000002,106662.78391808,128462.359775,165101.777,183074.003,175129.448,166164.199,199457.598,267437.722,280300.446,269832.236,296548.147,380970.189,446447.836,479201.838,496010.427,543966.066,528751.701,693696.094,683719.643,710509.457,764669.85,889166.343
,Other Deposits,31345.72644,31407.60614236,35341.16919174001,43718.30373539126,49812.293340000004,39889.67384,42193.96752,42245.562,64083.467,74247.594,69948.027,73199.882,81112.714,99455.303,127903.433,117407.389,139691.168,147571.237,145801.116,166347.16,212749.346,196840.813,271871.568,286726.967,316761.163,367426.235,363131.539
13,Borrowings,118714.43806,135607.51247999998,212284.53598,196106.0818376962,167816.24349000002,189962.16202,211585.40729499998,289091.42,387593.056,439473.659,458122.993,389342.799,506912.94200000004,635488.923,804317.524,1015390.7910000001,1448208.636,1758389.2630000003,1696413.804,1607061.79,1763384.1940000001,1679395.137,1692221.344,1772377.312,1839722.3750000002,2020659.15,2181195.933
14,Contingencies,208979.5484889112,209671.94321087998,237256.29976415998,232692.44974691264,252225.07090299996,306999.296769,332970.778325,413613.26699999993,696078.757,1139192.4549999998,1180738.186,1131030.8879999998,1419207.57,1973350.2650000004,2033987.449,2244189.386,2171108.281,2271576.4570000004,5973241.312000001,2633406.089,3048774.1270000003,2804921.986,3230830.4149999996,3415478.519,3179328.252,3020562.384,3157820.573


"Earnings/Profitability, Rupees Million",,,,,,,,,,,,,,,,,,,,,,,,,,,,

15,Interest Income,72066.86712,76582.384638,90690.016929,112884.28735199998,108757.87822099999,111416.90011075999,113803.007115,141847.20500000002,193644.58399999997,278634.183,343784.646,364249.50399999996,330090.718,357690.741,495618.152,591155.588,561808.963,591331.2690000001,757486.152,972512.1540000001,1108735.6269999999,1209490.867,1161131.074,282085.748,573644.401,872238.1760000001,1198262.7829999998
16,Interest Expenses,46011.2738,51887.383056000006,59946.934761000004,81294.31813999999,69310.46653738999,60322.22431235999,57615.200785,76128.88699999999,108166.25700000001,177029.397,228681.8569,233942.35900000003,180332.98700000002,192673.731,298371.79000000004,394746.82499999995,340461.334,325235.199,453184.8,630636.432,711128.359,779698.9579999999,733963.3360000001,159876.69199999998,318154.94200000004,479730.471,649320.644
17,Net-interest Income,26055.593320000004,24695.001582,30743.082168,31589.969211999996,39447.41168361,51094.6757984,56187.80633,65718.318,85478.32699999999,101604.78600000001,115102.78910000002,130307.145,149757.731,165017.00999999998,197246.362,196408.76299999998,221347.62900000002,266096.07,304301.352,341875.722,397607.268,429791.909,427167.73799999995,122209.05600000001,255489.459,392507.70499999996,548942.139
18,Non-interest Income,13780.614379999999,13197.414703,15583.505617999997,18133.341607559996,19598.79278358,27209.10782792,29641.070065000004,30200.0351,32877.831,40202.558999999994,54453.21200000001,59144.903999999995,67294.63600000001,60637.791,78874.64200000002,85780.38700000002,98041.287,97477.712,102871.69900000001,122008.72299999998,147714.24500000002,132122.169,141917.35000000003,50466.553,89128.86600000001,124715.309,166557.85899999997
,   Foreign Exchange Income (Net),3935.5848,3635.5813199999993,3921.0641100000003,5318.79961556,4073.626025,4598.889164,6940.686030000001,5759.259999999999,9412.591999999999,9209.63,13887.053999999998,12025.653,11881.867,14891.421999999999,26738.699,16404.477000000003,19258.354,27469.257999999998,25895.052000000003,23412.049000000003,48550.761999999995,26613.068,31538.976000000006,18664.689,29717.367000000002,39158.701,46388.67399999999
19,Non-interest Expenses,23707.08998,24675.389013,30697.250097,33986.0598738,36145.15694,42424.950091720006,47298.485519999995,52774.64099999999,67076.693,75437.406,88952.456,96506.83099999999,105849.36899999999,117441.917,133506.06299999997,141969.18300000002,160184.01899999997,178491.90399999998,197229.762,204673.158,254233.901,264348.106,252396.95,71220.58299999998,141809.546,219437.50699999998,299752.33
,   Staff Cost,11045.27196,12599.34175,15326.479500000001,16083.787139999999,17198.48992,20897.731782159997,22353.486265,23945.594000000005,29357.108,33332.072,39595.981999999996,44860.049000000006,47818.98300000001,51860.407999999996,61117.65699999999,63727.344000000005,69629.93999999999,81225.21100000001,88613.113,95088.22,112147.80999999998,117814.574,117177.198,33301.395,66054.832,99622.57900000001,135390.58815000003
20,Provision for Bad and Doubtful Advances (Charged during the period),5266.72628,10653.645388000003,6641.824174,7347.53038524,8876.503560000001,12352.39471668,10664.313999999998,7666.763,8713.125999999998,11532.425000000001,16578.987999999998,26436.547000000002,2374.5560000000014,4970.532,14365.007,26279.400999999998,22502.354,25645.515999999996,19366.786999999997,28797.752999999997,50471.16299999999,71146.848,98507.68800000001,21604.234000000004,47001.26999999999,75587.412,118071.42123
21,Profit Before Tax,9960.74444,2433.003884,8408.554515,9805.04556052,14705.437967189999,20527.47719292,23307.077875000003,29957.5101,37089.271,44134.283,50423.5921,52209.516,89967.743,94077.365,116778.15199999999,104487.819,126486.49200000003,139857.71899999998,164968.96600000001,194397.75999999998,194715.73,171739.749,189743.89900000003,69786.856,133758.872,192444.979,258722.23599999998
22,Profit After Tax,6796.1613,-479.63667600000053,5576.489055,7027.24085576,11587.39982316,16730.56945058,17325.231055,19972.1891,22796.986,25352.9,27755.9411,27267.705,59190.924,65845.75600000001,82665.80099999999,74594.727,88005.131,97124.44,116495.36099999999,138467.50900000002,125873.11600000002,111056.20499999997,135854.233,49828.947,105767.175,149125.04799999998,198398.43399999998
"Selected Financial Performance Ratios, Percentage",,,,,,,,,,,,,,,,,,,,,,,,,,,,

1,Capital Adequacy,,,,,,,,,,,,,,,,,,,,,,,,,,,
1.1,Core Capital (Tier 1 Capital) Adequacy Ratio,11.574240201300903,12.056019397877149,9.940380029541004,10.1180184346202,11.708991388002,11.311622037672372,11.4383673378497,13.445254693525616,12.061537881319374,12.204005789865239,12.45884374472075,14.075485367256826,14.322399399586844,14.35706999028295,14.68142131191304,14.896377583908507,14.077583088367899,13.048874673637703,12.587036541153939,13.364575777723786,13.12196288654258,12.989318975531855,13.042059834378215,13.278002459566013,13.042630041007385,12.87740789320101,13.152594780479147
1.2,Total Capital Adequacy Ratio,12.640647663095717,12.78589668815037,10.398235686120826,10.481662787501204,12.253106442135174,11.891344512641231,11.364178570056966,13.557312872000104,13.26232327860948,13.694780315367163,14.47361816936373,16.149006491755884,16.2023321562264,15.98666689673936,16.43565959812248,17.600983958764534,16.58288103043185,15.410601566782125,15.620034049538276,16.3771731509345,16.24212601993692,16.533404726654556,16.50715926216257,16.56608470850252,16.33280370749381,16.20987692411791,16.54849764336845
1.3,Net Non-performing Advances to Capital Ratio ,65.09216598608802,82.28619359141489,75.8520863270327,97.87350494667973,69.08411940090139,41.3274529996485,26.352193392203333,17.596320881423328,14.763095705863735,14.048407403327158,18.47712196045301,26.21252637544516,19.862714267829514,14.456269135579594,15.668508520500025,26.337684207571442,17.552951860895966,12.751544671203597,9.64238726341347,9.339507204205061,14.525366958240133,19.463622254203635,17.24754953222187,15.499627043553001,17.505245500897374,15.44615059844234,11.502648107448728

2,Assets Quality,,,,,,,,,,,,,,,,,,,,,,,,,,,
2.1,Gross Non-performing Advances Ratio(a),14.74679723333185,15.775573653145832,13.62145475947855,15.257423060515668,14.335241541191307,12.328973032724171,9.187245481608665,7.051932452709374,5.626426713765485,5.153799791085785,6.316990693503902,8.492574125942355,5.418957328878698,3.817403706172715,3.703502801150286,5.575057879310507,4.248854388453722,3.2407702974018746,2.5691268482304386,2.4984326063791076,3.4204165807946185,4.699183033815872,4.869103903006047,4.601462370876131,5.001587227867028,4.817561125359315,4.467208859235983
2.2,Net Non-performing Advances Ratio(b),9.027471294352816,9.233346251854618,7.548538610887352,9.518614262534115,7.9915285552318815,5.818850698730343,3.5420305871304474,2.5288237779374922,2.2587755846919664,2.372436205996328,3.4117014345888728,5.040194372132936,3.0371999997153334,2.0978745343406,2.2025431407982845,3.832752647251113,2.6062688236119116,1.7484549272909373,1.2475599998384317,1.2744990373886127,1.9744656464156154,2.762569698965647,2.4114054668253737,2.1190277524027854,2.4375228933393,2.1591770975963764,1.6547071201928178
2.3,Specific Provisions to Net Non-performing Loans Ratio,42.63211431883822,45.689262750805256,48.22364258913523,41.57012434600436,48.096192251094756,56.065830679179186,63.75358048397089,65.83536121234162,61.23738726533288,55.27869333992442,47.616188140772344,42.809425320442415,45.32905142740427,46.00969313726198,41.4408620891049,32.497329591884636,39.69402602409872,46.86762793840986,52.09016739106737,49.62046858073555,43.12561831143923,42.382550049663045,51.72261663542801,55.11675868786977,52.54582946178422,56.398868167284654,64.01812700644375

3,Profitability,,,,,,,,,,,,,,,,,,,,,,,,,,,
3.1,Return on Assets (ROA) Before Tax,1.4165384495600053,0.32818593870142304,0.9754870710114154,0.9988046972661658,1.3885337295792834,1.7362845698566294,1.7079134950845163,1.8523031275221191,1.8908055097511933,1.8997337371118452,1.939450639335254,1.8280082934166053,2.741358930905886,2.415130466244185,2.442189748971118,1.8721390578816919,1.9919522709847728,1.867803765044035,1.9323162917323118,1.9895608220768624,1.7696607788333107,1.4318176168730146,1.3933867917350504,1.9688359330422411,1.8130260588922475,1.668684740515591,1.6195221764162497
3.2,Return on Assets (ROA) After Tax,0.9664986739535792,-0.06469780577986523,0.6469355660458805,0.7158397309049895,1.0735251619104123,1.4151290637885043,1.2695712471116398,1.2347760297370998,1.1621869498195534,1.091300372176045,1.067581175196494,0.954967896034524,1.8035749561481333,1.690375696518295,1.7287957407708114,1.3365357155050006,1.3859347174697703,1.297099623866978,1.3645347329844872,1.4171435464944422,1.1439893248210389,0.925890667174906,0.9976473281151241,1.405780787133574,1.4336143956897054,1.293058895687037,1.2419136004578115
3.3,Return on Equity (ROE),14.036946705745649,-1.0229927627186037,11.859742166691447,13.681028427053912,19.05216599497599,21.76464094253467,18.09207660915192,16.410570327583095,15.206071426457212,13.99559311795777,13.37990821650791,11.803512671041606,22.027415281111786,19.788991158234808,20.316508407034434,15.999223315063658,16.557032461554506,16.155999235860495,17.33547081090368,17.56071073946181,13.153289500955486,10.262016381300635,11.386063587686552,16.16138871922909,16.538569932676754,15.124094827407383,14.516273985492756
3.4,Efficiency Ratio,71.65426833874676,91.9643037775942,79.5698959069813,77.74304221927339,71.52388850469994,69.48444524725045,69.74048520967246,67.25142848162687,56.722261903078696,55.57037958025358,55.5527693892515,56.273595590505586,47.19075547517786,52.65012433098808,49.37181891662305,53.37212331453253,51.399158083148286,50.96206655670827,49.22764261439117,45.671168682806666,49.96689407488187,52.68220971787847,51.776526822991784,45.06249557651511,45.68442402922704,47.54973037486258,48.089206815833805
3.5,Staff Cost to Operating Expenses,44.59748027783847,48.94846880272122,47.38493329320491,47.128564549879044,46.719608292403954,44.59859524040132,41.859241827942924,40.123380901721,43.76648085498193,44.185071793163196,44.51364670583125,46.4838069338325,45.176445973900904,44.15834595070514,45.778937395524885,44.888152945135985,43.468718312030866,45.50638386377459,44.92887488248351,46.458568836857445,44.112059626540514,44.567965998591255,46.42575831443288,46.75810502702569,46.57996154927398,45.399066167845234,45.16748481988447
3.6,Interest Margin,3.864098202572702,3.47830767339249,3.7143560236121087,3.3242129619713867,3.781408404265558,4.3134623201943985,4.115428714838479,4.064250131353114,4.357672375278395,4.373517064188611,4.42721687630949,4.5624353566395826,4.563187645477015,4.236275200729966,4.125027113789626,3.519113711451173,3.4858577014187797,3.553720487958346,3.5643459150114873,3.498921708307961,3.6136268372291487,3.583233529098051,3.1369118433923315,3.447777913880681,3.4630154995571614,3.4034227407320152,3.4362101279917483

4,Liquidity Indicators,,,,,,,,,,,,,,,,,,,,,,,,,,,
4.1,Liquid Assets Ratio(e),29.437004100992013,31.365518888471073,28.959787628589766,31.90063257611954,32.9847983554525,32.18693835706952,33.82682490924131,31.701176012168176,30.36017844470356,30.388220473348277,31.255052464462114,39.18041089107914,36.619024462435085,32.43030274489914,31.345994888682633,37.653717736726705,39.501429984377076,33.91405416329836,29.852700328846616,31.25213121559221,27.57875157081142,30.99661626661109,37.32871784297087,37.9577709924501,37.52621218999023,34.36456561526193,33.77401813016288
4.2,Credit to Deposit Ratio,77.56985177282569,80.7260662372347,85.90759393822253,84.94574018033383,76.50378630477532,74.00619277650392,75.60391328372246,78.75818506610428,86.30316548357807,88.10024778264558,87.03969232196462,71.5389801839937,76.38576883517526,84.65860254177038,86.86899057370734,82.18111468858915,83.10480365413333,87.26959253989855,88.01048221010255,86.91600005969559,90.59122241620872,88.65100362855547,82.59758911603554,83.84151893321639,82.88981362141526,83.07024156218257,82.70414229699999


,* Provisional Data,,,,,,,,,,,,,,,,,,,,,,,,,,,
,(a) Net of interest in suspense.,,,,,,,,,,,,,,,,,,,,,,,,,,,
,(b) Net of interest in suspense and specific loan loss provisions.,,,,,,,,,,,,,,,,,,,,,,,,,,,
,(c) Estimated in terms of Capital Adequacy Requirement.,,,,,,,,,,,,,,,,,,,,,,,,,,,
,(d) Capital funds reported in the balance sheet.,,,,,,,,,,,,,,,,,,,,,,,,,,,
,(e) Estimated in terms of statutory liquid assets requirement.,,,,,,,,,,,,,,,,,,,,,,,,,,,

<new sheet>
sheet_name: LCB's

Table 4.2 : Annual Statistics of  Licensed Commercial Banks,,,,,,,,,,,,,,,,,,,,,,,,,,,,

,Item,1998.0,1999.0,2000.0,2001.0,2002.0,2003.0,2004.0,2005.0,2006.0,2007.0,2008.0,2009.0,2010.0,2011.0,2012.0,2013.0,2014.0,2015.0,2016.0,2017.0,2018.0,2019.0,2020.0,Q1 2021*,Q2 2021*,Q3 2021*,2021 *

1,Assets,544695.98066,600429.4585927599,745827.86108434,799449.9767144995,862283.4931899998,987215.1580388402,1155213.774295,1461539.79,1786948.705,2098279.001,2259914.151,2506584.7653213,2974559.452,3578497.0370000005,4355687.760000001,5022147.427000001,5884360.682000001,6974300.1,7843338.3270000005,8926191.513,10372406.844,10944007.243,12828818.733,13396572.896000002,13874766.818000002,14434073.058,14820544.863999998
,"Market Share,(%)-Sector",100.0,100.0,100.0,100.0,100.0,100.0,100.0,100.0,100.0,100.0,100.0,100.0,100.0,100.0,100.0,100.0,100.0,100.0,100.0,100.0,100.0,100.0,100.0,100,100,100,100
,Industry,77.461973999504,77.02554705521295,78.96949579063597,78.4616536892777,78.4450783630894,78.02161877170063,78.9083412833498,82.06496792139946,83.41792232822898,83.79035437141584,83.77965862207564,83.1852462583503,83.77824292251029,84.15570030362626,85.43547206425215,84.52697963911493,84.40192389151329,86.34258685524371,86.69945260349064,86.72606756718437,87.94653341934426,87.3933010002945,87.47162211968377,87.38967079686144,87.49775666643568,87.51094533713427,87.51094533713427
2,Gross Loans and Advances(a),313795.92714,363759.78999943996,443099.15829268005,511280.98561989283,524481.53728,579784.03766784,708990.3971499999,901463.195,1151160.2170448,1366453.6515888,1456603.1864837997,1406978.6554498998,1764189.254648,2329119.3665919,2830681.5580487996,3079441.3997810003,3453874.827782,4258329.5165140005,5007521.6162,5791213.7102648,6980883.055638799,7362382.644583999,8385282.989000001,8895295.541000001,9132946.1462096,9461525.465535898,9554498.332351865
,"Market Share,(%)-Sector",100.0,100.0,100.0,100.0,100.0,100.0,100.0,100.0,100.0,100.0,100.0,100.0,100.0,100.0,100.0,100.0,100.0,100.0,100.0,100.0,100.0,100.0,100.0,100,100,100,100
,Industry,84.23467607057601,83.50960905145593,84.62225786886847,86.1717977039103,86.49818926080913,85.94899798933227,86.90969694785416,89.91451394868238,89.25355129082331,89.07210179442376,89.09941388389986,88.13191965844446,89.30975436712401,89.54112765571962,89.88214517742321,89.86981394517832,88.68493616769203,90.30895490189363,90.37621755055574,90.05264578422452,90.73867043710109,90.64250872287599,91.12317103068635,91.11204460120952,91.36393945173911,91.3698033472107,91.3698033472107
3,Net Loans and Advances(b),291592.527,334110.12446648005,410853.80438215996,476519.3895598927,486137.55710000003,537318.9403489999,664327.760795,856108.519,1108508.0090448,1324733.5615887998,1409914.2844838,1351988.4014499,1720517.824648,2288121.7065919,2786887.4890488004,3022887.4907810003,3394478.6767819994,4190662.3015139997,4938331.3472,5717335.5252648005,6875639.5816388,7213802.764584,8170592.538,8665474.705,8890335.3112096,9202240.254535902,9277234.147351867
4,Gross Non-performing Advances(a),47831.34696,57227.3069126,60186.78516262,78244.60504,76104.23542000001,72288.75956,63874.401600000005,61764.882000000005,63250.738,67774.59400000001,87395.30000000002,115894.51732130001,90313.153,80862.39300000003,96248.48700000002,158896.79599999997,123527.20599999999,123371.422,118313.18999999999,133309.635,229222.30799999996,339546.58499999996,392848.591,393125.46499999997,422184.93499999994,428905.45000000007,408328.62399999995
5,Net Non-performing Advances(b),25627.946820000005,27577.64137964,27941.4312521,43483.00898,37760.25524,29823.66224116,20252.623245,17263.272,20598.530000000002,26054.504,40706.397999999994,60904.2633213,46641.723,39864.733,52454.41800000001,102342.887,64131.055,55704.207,49122.92100000001,59431.450000000004,123978.83399999999,190966.70499999996,178158.14,163304.62900000004,179574.09999999998,169620.23900000003,131064.43900000001
6,Specific Provision for Bad and Doubtful Advances,22203.400139999998,29649.665532959996,32245.353910520003,34761.59606,38343.98018,42465.09731884,43621.778355,44501.61,42652.208000000006,41720.090000000004,46688.902,54990.254,43671.43000000001,40997.659999999996,43794.068999999996,56553.909,59396.151,67667.21500000001,69190.269,73878.18500000001,105243.474,148579.88000000003,214690.45099999997,229820.83599999998,242610.83500000002,259285.21099999998,277264.185
7,Investments,76287.03422,83943.21689099999,109807.42599999999,123280.3272,175451.48369999998,229587.317,234259.38213500002,261414.07799999998,297773.501,348510.04800000007,454041.4099999999,652837.346,763758.1329999999,717222.101,869032.7,1223967.014,1393977.7989999999,1813136.17,1735286.384,1986649.3420000002,2130274.6169999996,2370541.9209999996,3355397.204,3445328.0999999996,3524372.979,3552377.69,3912109.101
8,Risk Weighted Assets(c),301425.665,327450.60199999996,363374.274,363237.794,392474.878,529909.902,631894.782,789061.2079999999,1036610.6170000001,1214846.094,1426645.1099999999,1359095.546,1612687.0919999997,2022357.6739999999,2337214.569,2659642.9260000004,3152442.418,3969324.8400000003,4670779.444,5274708.71,6311373.007,6625558.721999999,7058635.017999999,7208610.820198399,7478217.120999999,7668990.523,7573579.078
9,Capital Funds (d),33728.0076,28619.6359348,29529.60074908,32275.020707963482,40295.53853,57034.61011404,67927.21942499999,104597.44900000001,129743.763,161709.99700000003,179050.434,197909.53399999999,236380.63199999998,305428.8219999999,366930.32700000005,418896.936,490744.48400000005,574146.851,645940.14,793226.4000000001,940796.562,1042187.9199999999,1150381.6490000002,1188309.9549999998,1235486.087,1279845.0729999999,1329016.548
10,Core Capital (Tier 1 Capital)(c),29580.139000000003,33878.26,28373.02,28351.103000000003,36318.763999999996,47028.27500000001,58984.009999999995,95903.064,116831.27299999999,144260.209,158770.725,175336.016,209462.36400000003,271187.757,323773.07999999996,380023.686,443858.421,506641.02,584194.9829999999,704857.269,819227.7239999999,864428.345,927827.352,958280.1764355494,979832.233,990248.36,1003479.7019999999
11,Capital Base(c),33532.053,37830.233,31401.807,31211.139000000003,40609.684,54638.571,65000.42,101320.761,131292.09,165040.23700000002,197077.05799999996,209716.86200000002,244767.85700000002,312931.97699999996,373521.80500000005,465391.10199999996,536778.875,607915.672,730821.96,864223.771,1020877.8019999999,1100403.105,1175552.9190000002,1197286.6997194348,1229086.355,1250295.0670000003,1266396.108
12,Deposits,389271.61105999997,436007.4407006,492253.89280265995,565090.789300774,641341.8926700001,730295.19143638,875736.3484399999,1042003.3360000001,1235537.1390000002,1456701.0089999998,1560246.6050000004,1850591.271,2153425.396,2558730.5330000003,3061296.7129999995,3552439.4880000004,3976635.0629999996,4638975.998000001,5449413.096999999,6424432.363999999,7407814.990999999,7884734.964,9587311.591999998,10016852.349,10376386.009,10742153.215999998,10908638.125999998
,Time Deposits,144851.88830000002,152677.75535664,174480.76086059998,212994.60547972308,231955.46238999994,266670.32427830005,326065.899145,398067.985,534022.9,722431.213,828871.401,968288.071,1061392.595,1333777.349,1794658.032,2170548.091,2180149.087,2531020.428,3200729.881,3985888.196,4751133.455,5114556.51,5846205.067,6068723.238,6198061.725,6313130.493,6345869.463
,Savings Deposits,157222.42838,188038.4772,213338.009351,240080.08763999998,276619.18813,321904.2084,383433.291,440572.685,458997.84,485931.484,497726.584,611259.584,745808.889,849820.329,874131.342,974164.46,1282185.904,1518521.45,1627851.049,1779045.497,1909489.171,2055438.397,2788808.386,2991305.659,3164889.911,3311519.342,3324448.79
,Demand Deposits,58418.25794000001,66993.5070016,72604.75139932001,72311.17244565958,87311.48381000002,106662.78391808,128462.359775,165101.777,183074.003,175129.448,166164.199,199457.598,267437.722,280300.446,269832.236,296548.147,380970.189,446447.836,479201.838,496010.427,543966.066,528751.701,693696.094,683719.643,710509.457,764669.85,889166.343
,Other Deposits,28779.036439999996,28297.70114236,31830.371191740007,39704.92373539126,45455.75834,35057.874840000004,37774.79852,38260.889,59442.396,73208.864,67484.421,71586.018,78786.19,94832.409,122675.103,111178.79,133329.883,142986.284,141630.329,163488.244,203226.299,185988.356,258602.045,273103.809,302924.916,352833.531,349153.53
,"Market Share,(%)-Sector",100.0,100.0,100.0,100.0,100.0,100.0,100.0,100.0,100.0,100.0,100.0,100.0,100.0,100.0,100.0,100.0,100.0,100.0,100.0,100.0,100.0,100.0,100.0,100,100,100,100
,Industry,81.05677149122393,80.80336569899386,80.76150412803274,80.90313390740891,80.91878441583304,80.1200233682862,81.1606532352797,81.85526330493855,82.67463048547091,83.65547040685477,83.0699951080092,82.92757676280385,83.27142699977612,83.2772661815196,84.44085336847196,85.20020016116388,84.85650272658657,85.85718108799168,86.55964370719406,86.82831599496532,87.22847824715083,86.05662070114656,86.05484252011986,86.02126415901799,86.04213993832374,86.17441491071175,86.17441491071175
13,Borrowings,73876.79506,86179.47948,160647.44198,143663.4898376962,119186.65049000001,136200.36942,153328.95929499998,245152.85499999998,338013.486,373852.803,400130.33,334609.75899999996,450292.731,566709.016,727132.245,825503.854,1186197.182,1518958.6490000002,1445162.758,1342446.166,1571108.202,1536753.529,1586766.895,1657963.851,1734907.3550000002,1890351.06,2054498.2870000002
,"Market Share,(%)-Sector",100.0,100.0,100.0,100.0,100.0,100.0,100.0,100.0,100.0,100.0,100.0,100.0,100.0,100.0,100.0,100.0,100.0,100.0,100.0,100.0,100.0,100.0,100.0,100,100,100,100
,Industry,62.23067410104035,63.55066758761624,75.67552730036591,73.25804915963636,71.02211800915578,71.69868355449664,72.4666985569677,84.80115217532226,87.20834410408013,85.0683073590083,87.34124593480075,85.94219794469602,88.83038756583966,89.17685194648153,90.40363081782115,81.2991275198595,81.90789313867896,86.38352616010032,85.18928309781661,83.53419727563805,89.0961939743915,91.50637006995215,93.76828277376934,93.54463295002955,94.30267189091506,93.55120877264234,93.55120877264234
14,Contingencies,196225.0494889112,196289.16721088,225014.39776415998,220153.94874691265,243467.31190299997,296589.732769,321873.844325,402477.37999999995,694008.527,1137724.184,1179122.574,1128041.4359999998,1414469.81,1967855.6210000003,2026009.914,2178656.908,2084103.278,2195476.058,5891517.227000001,2560649.325,3004357.825,2803368.167,3228227.0529999994,3412568.798,3176367.135,3016873.681,3153872.688


"Earnings/Profitability, Rupees Million",,,,,,,,,,,,,,,,,,,,,,,,,,,,

15,Interest Income,54176.49312,56006.079638,67890.72292900001,85567.42035199999,80817.50722099999,80291.93811075999,83533.227115,111268.24900000001,156199.95799999998,231778.13700000002,286559.665,299043.68499999994,267386.444,293177.05799999996,418678.073,499522.846,460732.83300000004,486794.33700000006,637691.175,826393.41,948170.9769999998,1036497.1680000001,986185.7239999999,237330.707,483876.91199999995,737047.6250000001,1014808.09
16,Interest Expenses,32874.355800000005,36683.935056,43356.742761,60058.06514,49375.89253739,41785.62431235999,40955.018785,57847.67,84776.71600000001,143501.81,183570.467,184766.22300000003,139893.45500000002,153078.929,244446.47400000002,321140.95399999997,270247.115,260806.82800000004,373959.805,525671.323,595904.8080000001,658448.4369999999,616645.2790000001,135064.70799999998,267854.47500000003,404834.478,548106.384
17,Net-interest Income,21302.13732,19322.144582,24533.980168,25509.355212,31441.61468361,38506.3137984,42578.20833,53420.579,71423.242,88276.327,102989.19800000002,114277.462,127492.989,140098.129,174231.599,178381.892,190485.71800000002,225987.509,263731.37,300722.087,352266.169,378048.73099999997,369540.44499999995,102265.99900000001,216022.437,332213.14699999994,466701.706
18,Non-interest Income,12981.783379999999,12037.387703,14183.105617999998,16709.686607559997,17251.76378358,24562.39382792,27441.170065000002,28009.813000000002,31340.979,36225.575,46463.204000000005,49333.106,51756.35700000001,53659.398,71714.65900000001,76979.18900000001,85968.905,91696.84,97537.52,112995.53099999999,141182.31100000002,126866.215,135203.68800000002,48995.19,86655.04900000001,121376.21399999999,161753.08199999997
,   Foreign Exchange Income (Net),3934.9478,3616.7963199999995,3902.9011100000002,5287.96961556,4071.421025,4598.887164,6940.678030000001,5757.130999999999,9400.537999999999,9205.96,13842.844,12055.588,11922.378,15064.577,26827.21,17335.846,19035.612999999998,27179.759,25555.406000000003,23090.653000000002,47386.969,26309.083,31148.373000000007,18507.285,29432.43,38909.588,46069.39899999999
19,Non-interest Expenses,21557.37198,22031.038013,27381.921097,30384.5748738,31785.18794,36806.54309172001,41116.96352,46930.23999999999,59891.212999999996,67453.623,79561.179,85694.16799999999,94417.779,104435.687,118334.25999999998,126292.57400000001,140026.89399999997,157137.348,174260.612,180461.869,222689.92700000003,233077.393,220982.681,61949.94999999998,123361.169,190660.788,261093.17
,   Staff Cost,9870.40796,11129.231749999999,13424.6005,13986.814139999999,14943.36092,17950.38178216,19135.338265,20863.876000000004,25541.383,28945.558999999997,34577.683,39041.073000000004,42164.761000000006,45157.100999999995,53106.37899999999,55268.789000000004,60096.53499999999,70099.437,76866.189,81938.158,95051.23099999999,100497.315,99897.179,28027.155,55567.635,83393.88900000001,113866.09115000001
20,Provision for Bad and Doubtful Advances (Charged during the period),5270.65228,9963.579388000002,5874.323174,6164.28038524,7947.6795600000005,11320.97471668,9682.889,7337.317,8133.881999999999,10727.405,15251.039999999997,25150.437,1073.3910000000014,4628.004,13692.342999999999,24877.650999999998,20531.984,24735.552999999996,18933.640999999996,27355.012,47803.94899999999,65998.18699999999,94443.88,20881.893000000004,43934.19699999999,70611.06999999999,112528.88423000001
21,Profit Before Tax,6790.04144,-970.9711160000002,5025.765514999999,6478.21256052,9232.385967189999,12539.23519292,15323.258875,22463.425,30301.871,37584.008,44372.633,40750.90700000001,69590.584,78642.918,104018.46299999999,96054.395,109860.77500000002,122738.85399999999,147966.48700000002,175453.569,183041.02500000002,159495.022,166936.37000000002,60761.691999999995,117420.26699999999,168746.809,224479.93899999998
22,Profit After Tax,4704.4133,-2907.449676,3257.472055,4794.70885576,7664.29382316,10278.71845058,11432.785055,15241.292,18960.909,21795.664,25174.074,20833.176,45183.056,55075.334,73538.79699999999,68418.738,76588.594,85608.452,104860.699,125507.17400000001,119497.85800000002,104773.69899999998,120524.28600000001,44143.492,92886.56300000001,131086.357,172232.47999999998
"Selected Financial Performance Ratios, Percentage",,,,,,,,,,,,,,,,,,,,,,,,,,,,

1,Capital Adequacy,,,,,,,,,,,,,,,,,,,,,,,,,,,
1.1,Core Capital (Tier 1 Capital) Adequacy Ratio,9.813410878599207,10.34606740469514,7.808208238759358,7.805108242673669,9.253780569364237,8.874768111051454,9.334467015744401,12.154071576155854,11.270507081831285,11.874772426934271,11.128957291978523,12.90093375083432,12.98840705299079,13.409485398476551,13.852946335968177,14.28852280450823,14.079826437610127,12.76390923953707,12.507440995751711,13.362961023112119,12.980182332614268,13.04687470552012,13.144571856088,13.293548512155287,13.102484417689322,12.912369066439124,13.249742184840233
1.2,Total Capital Adequacy Ratio,11.124485036800035,11.552958757425037,8.641725418349237,8.592481155746697,10.347078571485026,10.310917156630147,10.28658913660724,12.840671924148122,12.665516621850303,13.585279469977044,13.814021203913843,15.430619474636995,15.17764098281752,15.47362175460561,15.981493952427952,17.498255027035906,17.02739666028691,15.315341941124677,15.646681003933955,16.384293778376247,16.175209433315622,16.608457507834615,16.654111113583014,16.60911831118222,16.435553222285215,16.303254818874162,16.721237013008448
1.3,Net Non-performing Advances to Capital Ratio ,75.98417055622345,96.35916208880562,94.62177118317634,134.72650993302412,93.7082779322766,52.29046395079753,29.81518074262025,16.504486643837748,12.956715306615546,11.93902563735747,16.653661392409695,25.26739935697085,19.731617859453053,13.052053417538968,14.295470867416201,24.43151959459546,13.06811530050738,9.702083518002262,7.604872024209551,7.492369139504181,13.178070478535611,18.323634474673238,15.486872565714926,13.742595382027249,14.534692206533927,13.253185293935967,9.861761254759035

2,Assets Quality,,,,,,,,,,,,,,,,,,,,,,,,,,,
2.1,Gross Non-performing Advances Ratio(a),15.242819559815402,15.73216954867059,13.58314138860649,15.303640706515587,14.51037453380765,12.459040026676346,8.995776985213366,6.851625484277259,5.4945208376271095,4.95988970582334,5.999938817308912,8.237119793707262,5.119244024531809,3.471801151965967,3.4001877295708423,5.159922705829056,3.576481840232941,2.8971788472817774,2.3627095211579525,2.3019291234877346,3.2835718085098984,4.611911678480623,4.684977138104313,4.419476151051021,4.622658759191492,4.533153259083968,4.273679368569096
2.2,Net Non-performing Advances Ratio(b),8.788958717038728,8.25405737814053,6.800820864764341,9.125128994259887,7.7674013637733825,5.546047828019541,3.0389861536365363,2.0144744294459827,1.8582211253258991,1.9667731501232528,2.8871540949670913,4.504791849988138,2.7109119319669013,1.7422470529060066,1.882186425039475,3.3856002683566118,1.889275529660917,1.3292459041587585,0.9947271162323357,1.0394955786200322,1.8031607463992434,2.647240453225955,2.1804800468438192,1.8845433696295124,2.0198799450632587,1.8432494078427484,1.4127533801376742
2.3,Specific Provisions to Net Non-performing Loans Ratio,46.42018582200512,51.81034567683265,53.57547146503266,44.42682794836687,50.38350358345929,58.74370728908935,68.29305208708209,72.05002026879936,67.43353413520646,61.557122717695655,53.42266918243887,47.44853792138229,48.3555590180757,50.700527747181546,45.50104668138834,35.591598083576216,48.08345701593866,54.84837080016798,58.480604740688676,55.418488693634195,45.913277341226326,43.75831964264935,54.64966807021079,58.45992093134949,57.465535808377446,60.452766687856254,67.902216181641

3,Profitability,,,,,,,,,,,,,,,,,,,,,,,,,,,
3.1,Return on Assets (ROA) Before Tax,1.2465837239651627,-0.16958336313506334,0.7466277719040278,0.8384527884963195,1.1111753039096661,1.3559604582126834,1.430456678748053,1.7039958422109727,1.865598172604887,1.934713270059235,2.037159806384946,1.7098884407782826,2.5392900502996736,2.404624592242522,2.5473872770870267,2.0180053786263126,2.0482453061449326,1.9057737160288177,2.003067416987577,2.0675829105080727,1.9092339746027693,1.519974547190847,1.4009348797983192,1.9596554755647917,1.8200780685510496,1.673138814783664,1.6062121701705643
3.2,Return on Assets (ROA) After Tax,0.8636860683825246,-0.5077958407591094,0.48393007895122364,0.6205626895665302,0.8961960456375616,1.1115140250305804,1.0672732133565601,1.1561504177534532,1.167368086984713,1.1219761439640057,1.1557486731914308,0.8741500361476503,1.6486840309162076,1.6840105368721274,1.800947547649167,1.437408265210816,1.4279184555610491,1.3292476862421634,1.4195312313486348,1.4790037591572913,1.2464384439819292,0.9984848034632395,1.011443318913597,1.4236936622559915,1.4397922990533263,1.2997322632944617,1.2323680534974588
3.3,Return on Equity (ROE),13.94823956337104,-9.32657438569326,11.203834274588294,15.515696861253335,20.521255179372215,21.121345428479223,18.29804364608511,16.77512787884613,16.182308556123708,14.956515915251876,14.805877048991881,11.05458256040435,20.825931379182737,20.33023112375835,21.658657990309678,17.348056671671408,16.790587824444486,15.726491338255158,17.230734837616836,17.40729395354296,13.665601447039998,10.586701617187883,10.943665397005947,15.545432645460957,15.814060231068384,14.542480066298339,13.830997334411915
3.4,Efficiency Ratio,76.6053022991334,104.53810643851315,84.69749462195453,82.01914448295594,77.33456729205757,71.21514512736242,68.36103481257238,63.48706542413039,58.6158407447007,56.68636439338906,56.1377388866705,59.102637721949044,50.658909136189145,54.38133276894662,49.303994980598176,52.64481839377218,51.62899336796619,51.06358146136877,48.942525681767115,45.22631785960023,48.47902806659516,51.82009365192683,51.74367792031022,45.09477429686925,45.43058591546891,47.34074389784406,48.20533760519263
3.5,Staff Cost to Operating Expenses,44.40988171659089,49.75754262647612,48.260423126146165,47.297800231449585,47.42341824506824,48.70908801752346,46.3924681194922,44.353931425191654,42.646294373767326,42.91179289213271,43.460495978824035,45.55861140982197,44.657649699639734,43.239147744582745,44.87827869967666,43.76250103192924,42.91785190921967,44.61029659225254,44.10990419338135,45.404693220815524,42.683219793771805,43.11757296856328,45.2058860667004,45.24161036449586,45.044672850011665,43.739402251919785,43.61128678701171
3.6,Interest Margin,4.118593378498447,3.556097150058256,3.8210793501670324,3.42471495900286,3.8492630574434203,4.167435109164209,3.97476039343977,4.052295876719725,4.397321530301431,4.544203515468291,4.728262455316114,4.793952187121249,4.6520902662731745,4.28370939034288,4.26689018236242,3.7476225580884455,3.5514174898288067,3.5089219164701175,3.5702119094338904,3.5437742956002336,3.674359548401572,3.6027735631636157,3.1011941789359154,3.2982314729559135,3.348465387995164,3.293921315141023,3.339371720056307

4,Liquidity Indicators,,,,,,,,,,,,,,,,,,,,,,,,,,,
4.1,Liquid Assets Ratio(e),28.66387295660501,29.630076298209833,30.246534528963302,30.887275368157347,33.239821590255055,26.124077001589786,26.281529492772925,24.233796871195715,23.923531834921423,24.780535966073206,25.572712563728484,32.99712217228406,29.39600473365077,26.248906756056673,26.235998788764935,30.759319636588284,33.21853245858389,28.68743442523471,25.380661286304694,27.155717886812052,24.96297110249678,27.838038807765837,33.79993843260631,34.63075018161286,34.14567714582686,31.12927934644433,30.903569503754447
4.2,Credit to Deposit Ratio,80.61104848759017,83.42972069809896,90.01435331874853,90.47767107521541,81.77877404772465,79.44887471142349,81.08019570214839,86.51250565669974,93.17083078348483,93.80467530031072,93.3572412089177,76.02860110161515,81.92479098300743,91.02636391574649,92.4667493362575,86.68525981042693,86.8542064600812,91.7946011867682,91.891026190632,90.1435859565818,94.23673598922363,93.37514422740969,87.46229752245652,88.80330098793993,88.0166383390913,88.0784818023573,87.586536669315


,* Provisional Data,,,,,,,,,,,,,,,,,,,,,,,,,,,
,(a) Net of interest in suspense.,,,,,,,,,,,,,,,,,,,,,,,,,,,
,(b) Net of interest in suspense and specific loan loss provisions.,,,,,,,,,,,,,,,,,,,,,,,,,,,
,(c) Estimated in terms of Capital Adequacy Requirement.,,,,,,,,,,,,,,,,,,,,,,,,,,,
,(d) Capital funds reported in the balance sheet.,,,,,,,,,,,,,,,,,,,,,,,,,,,
,(e) Estimated in terms of statutory liquid assets requirement.,,,,,,,,,,,,,,,,,,,,,,,,,,,

<new sheet>
sheet_name: LSB's

Table 4.2 : Annual Statistics of  Licensed Commercial Banks,,,,,,,,,,,,,,,,,,,,,,,,,,,,

,Item,1998.0,1999.0,2000.0,2001.0,2002.0,2003.0,2004.0,2005.0,2006.0,2007.0,2008.0,2009.0,2010.0,2011.0,2012.0,2013.0,2014.0,2015.0,2016.0,2017.0,2018.0,2019.0,2020.0,Q1 2021*,Q2 2021*,Q3 2021*,2021 *

1,Assets,158482.56300000002,179090.43000000002,198622.71900000004,219455.36,236935.873,278094.603,308780.72300000006,319414.772,355215.29900000006,405922.129,437535.55,506671.64499999996,575955.99,673736.649,742531.5800000001,919325.2819999999,1087471.725,1103174.0110000002,1203245.119,1366205.8750000002,1421584.8469999998,1578700.01,1837444.9330000002,1933125.424,1982516.096,2059947.2070000002,2103018.893
,"Market Share,(%)-Sector",100.0,100.0,100.0,100.0,100.0,100.0,100.0,100.0,100.0,100.0,100.0,100.0,100.0,100.0,100.0,100.0,100.0,100.0,100.0,100.0,100.0,100.0,100.0,100,100,100,100
,Industry,22.538026000496018,22.974452944787043,21.03050420936402,21.538346310722297,21.554921636910613,21.978381228299362,21.091658716650198,17.935032078600553,16.582077671771017,16.209645628584152,16.220341377924363,16.81475374164969,16.22175707748971,15.84429969637374,14.564527935747856,15.47302036088507,15.598076108486694,13.657413144756289,13.300547396509362,13.273932432815624,12.05346658065574,12.606698999705507,12.52837788031623,12.610329203138551,12.502243333564325,12.489054662865724,12.489054662865724
2,Gross Loans and Advances(a),58729.903999999995,71830.55,80520.95000000001,82046.529,81868.193,94783.49799999999,106787.84400000001,101114.87099999998,138603.832,167644.707,178203.51200000002,189467.51399999997,211170.847,272053.332,318644.20900000003,347116.712,440670.263,456960.92299999995,533229.8690000001,639706.4030000002,712510.5350000001,760056.5380000002,816858.3480000001,867733.6830000001,863280.156,893674.085,925167.5339999999
,"Market Share,(%)-Sector",100.0,100.0,100.0,100.0,100.0,100.0,100.0,100.0,100.0,100.0,100.0,100.0,100.0,100.0,100.0,100.0,100.0,100.0,100.0,100.0,100.0,100.0,100.0,100,100,100,100
,Industry,15.765323929423984,16.49039094854407,15.37774213113153,13.828202296089703,13.501810739190883,14.051002010667734,13.09030305214583,10.085486051317623,10.746448709176695,10.92789820557624,10.900586116100133,11.868080341555538,10.69024563287599,10.458872344280385,10.117854822576776,10.130186054821682,11.315063832307978,9.691045098106372,9.623782449444265,9.947354215775494,9.261329562898897,9.357491277124005,8.876828969313621,8.887955398790476,8.636060548260872,8.630196652789282,8.630196652789282
3,Net Loans and Advances(b),57513.083999999995,70083.982,78370.947,79176.15100000001,78406.14600000001,90620.18599999999,102627.87599999997,99070.13799999999,136817.52,165659.053,175718.897,186417.017,206320.283,267364.62600000005,314103.57600000006,341590.128,434383.3,453008.9040000001,528270.34,633858.287,704270.622,746867.19,799799.5,849946.8259999999,843177.6190000001,871603.3520000002,902731.7779999999
4,Gross Non-performing Advances(a),7104.282,11489.568000000001,11137.891,12281.884,10817.463,10878.49,11073.147999999997,8936.246,9316.891000000001,11289.764,15875.287,19684.857,16730.767999999996,18434.869999999995,20386.881,32135.802000000003,41946.344,29440.309999999998,24035.744,27362.570000000003,33923.801999999996,42141.699,55213.232,56116.65099999999,77785.04299999999,69962.618,59819.937999999995
5,Net Non-performing Advances(b),5887.462,9743.000000000002,8987.888,9411.506,7355.416,6715.178,6913.179999999999,6891.513,7530.579000000001,9304.11,13390.672000000002,16634.36,11880.204,13746.164,15846.248,26609.217999999997,35659.381,25488.291,19076.215000000004,21514.454,25683.889000000003,28952.351000000006,38154.384000000005,38329.794,57682.506,47891.884999999995,37384.182
6,Specific Provision for Bad and Doubtful Advances,1216.82,1746.568,2150.0029999999997,2870.3780000000006,3462.047,4163.312,4159.968000000001,2044.7330000000002,1786.312,1985.654,2484.615,3050.4970000000003,4850.564,4688.706,4540.633,5526.584,6286.963,3952.0189999999993,4959.529,5848.116,8239.913,13189.348,17058.847999999998,17786.857,20102.536999999997,22070.733,22435.756
7,Investments,76403.28899999999,86195.823,95924.177,110716.132,134035.056,159858.99490000002,168885.08699999997,181231.976,190030.591,203720.63999999998,219417.384,276379.201,317100.4960000001,339921.573,349032.10000000003,470983.39800000004,533571.0179999999,534460.159,535246.537,567734.4140000002,541283.3350000001,626132.4729999999,840364.835,881715.249,911632.355,946543.836,973533.5160000001
8,Risk Weighted Assets(c),62574.695,74723.30299999999,78737.988,79812.397,73391.11499999999,75469.07699999999,85539.967,69790.875,94421.04200000002,142286.702,144739.2898,167884.31573877623,202269.79299999998,246606.378,263880.29699999996,282490.123,345864.052,321973.544,388036.878,438099.73,475824.455,518183.269,606996.4750000001,622677.5050000001,644548.699,661720.1129999999,666509.62
9,Capital Funds (d),14688.585,16735.046,19156.362999999998,21768.732,25009.877,31378.388,35160.227,32674.343,32775.579000000005,38068.99,39728.714,45266.64600000001,58251.442,65419.95300000001,68980.12299999999,70713.70700000001,77766.367,62579.91499999999,61344.624,73477.83,89557.6,87709.96399999999,103782.15899999999,112588.592,119859.69200000001,128351.245,135416.854
10,Core Capital (Tier 1 Capital)(c),12550.137000000002,14607.903999999999,15574.619,16476.797000000002,18229.445,21449.907,23078.811999999998,19571.786,19588.538999999997,21364.356,37005.602,39593.811,50483.01,54569.00000000001,58104.616,58247.562000000005,69668.398,53325.128,52560.075999999994,58635.344,71385.808,63495.089,71928.894,81558.48000000001,79590.062,82531.22899999999,80305.774
11,Capital Base(c),12479.95,13591.307,14570.068000000001,15227.888000000003,16473.372000000003,17349.129,16530.146,15116.503,18708.985000000004,20816.117999999995,30359.120000000003,36875.215,49297.486000000004,49799.748,53985.293,52453.263999999996,64214.25200000001,53399.224,59366.872,71372.759,81507.36300000001,80700.671,89825.08,100051.158,97589.042,100102.87399999998,97214.77600000001
12,Deposits,90974.02900000001,103583.252,117261.616,133387.455,151232.906,181206.27940000003,203279.54599999997,230979.358,258920.26799999998,284608.91599999997,317984.64200000005,380983.97,432606.18000000005,513813.332,564077.2509999999,617080.632,709670.5650000002,764155.038,846145.5070000001,974573.698,1084612.1840000001,1277529.252,1553620.529,1627771.16,1683269.895,1723441.3890000002,1762632.714
,Time Deposits,54100.972,61263.954,73360.655,86268.985,98267.631,119503.1268,134553.544,156045.218,170943.708,195808.399,228148.918,281460.192,312963.993,379347.016,426577.736,467243.858,523884.436,548496.785,611718.77,718421.838,813792.254,977987.594,1175926.64,1231348.383,1271802.948,1295832.447,1330396.056
,Savings Deposits,34306.367,39209.393,40390.163,43105.09,48608.74,56871.3536,64306.833,70949.467,83335.489,87761.787,87372.118,97909.914,117315.663,129843.422,132271.185,143608.175,179424.844,211073.3,230255.95,253292.944,261296.883,288689.201,364424.366,382799.619,397630.7,413016.238,418258.649
,Demand Deposits,0.0,0.0,0.0,0.0,0.0,0.0,0.0,0.0,0.0,0.0,0.0,0.0,0.0,0.0,0.0,0.0,0.0,0.0,0.0,0.0,0.0,0.0,0.0,0,0,0,0
,Other Deposits,2566.69,3109.905,3510.798,4013.38,4356.535,4831.799,4419.169,3984.673,4641.071,1038.73,2463.606,1613.864,2326.524,4622.894,5228.33,6228.599,6361.285,4584.953,4170.787,2858.916,9523.047,10852.457,13269.523,13623.158,13836.247,14592.704,13978.009
,"Market Share,(%)-Sector",100.0,100.0,100.0,100.0,100.0,100.0,100.0,100.0,100.0,100.0,100.0,100.0,100.0,100.0,100.0,100.0,100.0,100.0,100.0,100.0,100.0,100.0,100.0,100,100,100,100
,Industry,18.943228508776066,19.196634301006135,19.238495871967267,19.096866092591082,19.081215584166962,19.87997663171381,18.839346764720304,18.144736695061464,17.325369514529093,16.34452959314523,16.93000489199081,17.072423237196148,16.728573000223875,16.722733818480407,15.559146631528023,14.799799838836128,15.143497273413434,14.142818912008334,13.440356292805946,13.171684005034676,12.771521752849182,13.943379298853436,13.945157479880136,13.97873584098201,13.95786006167627,13.825585089288248,13.825585089288248
13,Borrowings,44837.643,49428.032999999996,51637.094,52442.592,48629.593,53761.79259999999,58256.448,43938.56500000001,49579.57000000001,65620.856,57992.66300000001,54733.04000000001,56620.211,68779.90699999999,77185.279,189886.937,262011.45399999997,239430.614,251251.046,264615.62399999995,192275.99200000003,142641.608,105454.449,114413.461,104815.01999999999,130308.08999999997,126697.64600000001
,"Market Share,(%)-Sector",100.0,100.0,100.0,100.0,100.0,100.0,100.0,100.0,100.0,100.0,100.0,100.0,100.0,100.0,100.0,100.0,100.0,100.0,100.0,100.0,100.0,100.0,100.0,100,100,100,100
,Industry,37.76932589895966,36.44933241238377,24.324472699634086,26.741950840363636,28.977881990844217,28.30131644550336,27.5333014430323,15.198847824677747,12.79165589591987,14.93169264099171,12.658754065199258,14.05780205530397,11.16961243416034,10.823148053518471,9.596369182178853,18.700872480140504,18.09210686132105,13.61647383989969,14.810716902183376,16.465802724361954,10.903806025608507,8.493629930047844,6.23171722623066,6.4553670499704525,5.697328109084936,6.448791227357666,6.448791227357666
14,Contingencies,12754.499000000002,13382.775999999998,12241.902,12538.501,8757.759,10409.564000000002,11096.934,11135.887,2070.2300000000005,1468.271,1615.6119999999999,2989.452,4737.759999999999,5494.644,7977.535,65532.478,87005.003,76100.39899999999,81724.085,72756.764,44416.301999999996,1553.8189999999997,2603.3619999999996,2909.721,2961.1169999999997,3688.703,3947.885


"Earnings/Profitability, Rupees Million",,,,,,,,,,,,,,,,,,,,,,,,,,,,

15,Interest Income,17890.374,20576.304999999997,22799.294,27316.867000000002,27940.371,31124.962,30269.78,30578.956,37444.626,46856.046,57224.98100000001,65205.819,62704.274000000005,64513.68300000001,76940.079,91632.742,101076.13,104536.93200000002,119794.97699999998,146118.744,160564.64999999997,172993.69900000002,174945.35,44755.041,89767.489,135190.551,183454.69299999997
16,Interest Expenses,13136.918,15203.448,16590.192000000003,21236.252999999993,19934.573999999997,18536.6,16660.182,18281.216999999997,23389.540999999997,33527.587,45111.38990000001,49176.136,40439.532,39594.802,53925.316000000006,73605.87099999998,70214.219,64428.371,79224.995,104965.109,115223.551,121250.52100000001,117318.057,24811.983999999997,50300.46699999999,74895.993,101214.26
17,Net-interest Income,4753.456000000001,5372.857,6209.102000000001,6080.614,8005.7970000000005,12588.362,13609.597999999998,12297.739000000001,14055.085,13328.459,12113.5911,16029.683,22264.742,24918.881,23014.762999999995,18026.871,30861.911,40108.560999999994,40569.982,41153.635,45341.099,51743.178,57627.293000000005,19943.057,39467.02199999999,60294.558000000005,82240.433
18,Non-interest Income,798.8309999999999,1160.027,1400.4,1423.6550000000002,2347.029,2646.714,2199.9,2190.2221,1536.8519999999999,3976.984,7990.008,9811.797999999997,15538.278999999999,6978.393,7159.983,8801.198,12072.382,5780.871999999999,5334.179000000001,9013.192000000001,6531.933999999999,5255.954,6713.662,1471.363,2473.817,3339.095,4804.776999999999
,   Foreign Exchange Income (Net),0.637,18.785,18.163,30.83,2.205,0.002,0.008,2.129,12.054,3.67,44.21,-29.935,-40.511,-173.155,-88.51100000000001,-931.3690000000001,222.741,289.499,339.646,321.39599999999996,1163.793,303.985,390.60300000000007,157.404,284.937,249.113,319.27500000000003
19,Non-interest Expenses,2149.7180000000003,2644.351,3315.329,3601.4849999999997,4359.969,5618.406999999999,6181.522,5844.401,7185.48,7983.783,9391.277000000002,10812.663,11431.59,13006.230000000001,15171.803,15676.609,20157.125,21354.555999999997,22969.15,24211.288999999997,31543.974000000002,31270.713,31414.269,9270.632999999998,18448.377,28776.718999999997,38659.159999999996
,   Staff Cost,1174.864,1470.11,1901.879,2096.973,2255.129,2947.35,3218.1479999999992,3081.718,3815.7249999999995,4386.512999999999,5018.299,5818.976,5654.222,6703.307000000002,8011.278,8458.554999999998,9533.405,11125.774000000001,11746.924,13150.062,17096.578999999998,17317.259,17280.019,5274.24,10487.197,16228.69,21524.497000000003
20,Provision for Bad and Doubtful Advances (Charged during the period),-3.9259999999999984,690.066,767.501,1183.2500000000002,928.8240000000001,1031.42,981.4249999999998,329.44599999999997,579.244,805.02,1327.9479999999999,1286.11,1301.165,342.528,672.664,1401.75,1970.37,909.9630000000001,433.146,1442.7409999999998,2667.2140000000004,5148.661,4063.808,722.341,3067.0730000000003,4976.342000000001,5542.537
21,Profit Before Tax,3170.7030000000004,3403.9750000000004,3382.789,3326.8330000000005,5473.052000000001,7988.242,7983.819000000001,7494.085100000001,6787.400000000001,6550.275,6050.959100000001,11458.609,20377.159000000003,15434.447,12759.688999999998,8433.423999999999,16625.717,17118.865,17002.479,18944.191,11674.705,12244.726999999999,22807.529,9025.164,16338.604999999998,23698.17,34242.297
22,Profit After Tax,2091.748,2427.8129999999996,2319.017,2232.532,3923.106,6451.851,5892.446,4730.8971,3836.077,3557.236,2581.8671000000004,6434.529,14007.868,10770.422000000002,9127.004,6175.9890000000005,11416.536999999998,11515.988,11634.661999999998,12960.335,6375.258,6282.506,15329.947000000002,5685.454999999999,12880.611999999997,18038.691,26165.954
"Selected Financial Performance Ratios, Percentage",,,,,,,,,,,,,,,,,,,,,,,,,,,,

1,Capital Adequacy,,,,,,,,,,,,,,,,,,,,,,,,,,,
1.1,Core Capital (Tier 1 Capital) Adequacy Ratio,20.05624957500792,19.549328540790015,19.780311125044243,20.644408161303566,24.838762839343705,28.422113867909104,26.980150693768678,28.043474164781575,20.745946650323976,15.015005407884146,25.567074462735135,23.58398449894925,24.95825464161127,22.127975943914965,22.019308247178458,20.619326927759523,20.143289710837017,16.5619595130462,13.545123925051266,13.384017378873983,15.002551308549283,12.253403920688918,11.849968980462364,13.098028970871525,12.348184415464937,12.472226154020499,12.048704413298642
1.2,Total Capital Adequacy Ratio,19.944084425821014,18.18884665738077,18.504496203281192,19.0796023830734,22.446003170819797,22.98839430618716,19.324470864011438,21.659712677337833,19.814423357030947,14.629700251257491,20.975037283898573,21.96465753083028,24.372144386383987,20.194022719071768,20.458250810593867,18.568176275671057,18.566327326784457,16.58497258395864,15.299286064248768,16.291440992214262,17.129712889599173,15.573770097930353,14.798286925801337,16.067893443492867,15.140677834181773,15.127675890969932,14.585652342122234
1.3,Net Non-performing Advances to Capital Ratio ,40.08188671679403,58.219140837736575,46.918551292852406,43.23405699514331,29.410044679548005,21.385371666155905,19.66193221676299,21.0915120772283,21.913742545936408,23.008669260729008,26.69514296385229,30.344700157374145,20.39469512188213,21.01218874308882,22.972194468252834,37.629505125505574,45.85450288554691,40.729187631526834,31.096799941262994,29.28019785015426,28.678625822934066,33.009192661394785,36.76391430631156,34.04411878603118,48.125024382675704,37.313144099225525,27.606742363103493

2,Assets Quality,,,,,,,,,,,,,,,,,,,,,,,,,,,
2.1,Gross Non-performing Advances Ratio(a),12.096532628420437,15.995378011166558,13.83228960910173,14.969413270365163,13.213267086522846,11.477198277700197,10.36929634050857,8.837716857691486,6.7219577305770315,6.734339665134789,8.908515226119674,10.38956841962892,7.922858783627455,6.776197102412257,6.398007691393507,9.257924176234996,9.518759835174082,6.442631857166482,4.507576450110673,4.277363783085347,4.761164970002863,5.544547924144031,6.759217450024763,6.4670361539947265,9.010405539774737,7.828650195221898,6.465849243689522
2.2,Net Non-performing Advances Ratio(b),10.236735001030373,13.901892732065365,11.468392745081925,11.88679404231206,9.381172746330371,7.4102452184329,6.73616201508448,6.956196023467738,5.504104298923121,5.616421095924048,7.6205076566124825,8.923198250726221,5.758136731520478,5.141354787899278,5.044911682253499,7.789808843656042,8.209197038652269,5.626443713344759,3.611070612065785,3.394205683075656,3.646877804878819,3.876505942107326,4.770493604959744,4.50966964373369,6.841085994242928,5.494688024100208,4.141228093556712
2.3,Specific Provisions to Net Non-performing Loans Ratio,17.127979998541726,15.201337421911774,19.303501892773056,23.370828123763424,32.004241659989965,38.27104680888616,37.56807007365927,22.88134189680991,19.172833512810225,17.588091301111344,15.650835162854063,15.496668327334055,28.991878914345126,25.433897825154183,22.272327974053507,17.197591645604486,14.98810718760138,13.423836229985348,20.633973302428252,21.372685387374062,24.289473803673307,31.297618067083626,30.896303987420982,31.696219719170344,25.8437049395216,31.546465285218456,37.505481867935075

3,Profitability,,,,,,,,,,,,,,,,,,,,,,,,,,,
3.1,Return on Assets (ROA) Before Tax,2.0006636313674457,2.0167342000608444,1.7911947248624909,1.5914888472303756,2.3984036520701526,3.102046334050337,2.7207887761837855,2.506828304447478,2.012184244897082,1.72118063283573,1.434798508722807,2.426111147978586,3.76438922141499,2.4701188945708434,1.8270949868671564,1.0267989973901381,1.6857978905762092,1.634340599509071,1.477995980058943,1.4743004187521118,0.8245706121022951,0.8156312973145193,1.3405220983450519,2.032954988732599,1.763909572757984,1.637641638615981,1.7125546191840664
3.2,Return on Assets (ROA) After Tax,1.3198600277558612,1.4383929107741151,1.227924951058561,1.067997635915276,1.7191855216903345,2.505424941105815,2.0080741987097954,1.5817747795725752,1.1372386630539035,0.9347158263776775,0.6122102304080156,1.3629485210605712,2.587753637011123,1.7236913563991956,1.3069208233458107,0.7519483560997909,1.157602646086496,1.0994330951181206,1.0113809677603214,1.008616695094958,0.45027693559452286,0.4184828717836055,0.9010240749867483,1.2806719196974918,1.3905859655571182,1.2465482139645105,1.3086337458044301
3.3,Return on Equity (ROE),14.240636521489305,15.452148098353117,12.922407142054523,10.910332645532037,16.773076771051485,22.874573498301153,17.70539361261067,15.335511823149039,11.71332612807242,10.042367538434737,6.900186576538076,15.120108713432415,27.063614235224286,17.417806276059235,13.550703191908534,8.595527704825045,15.143874666773213,20.271713475026797,18.3402149276063,19.199338078449543,7.724973757962944,6.789422117100763,16.690760504520146,23.34259787583021,24.698537974746934,21.32064070609725,21.54165744912458
3.4,Efficiency Ratio,45.80110589712814,45.919999561855256,54.956554376417074,53.352378785762234,46.40078599304202,43.05590157408887,44.78558057081049,54.53117749614859,44.68915312777364,47.64541466661685,51.04646487675497,40.79689808645152,30.1452840149136,41.93153223510942,49.90729267776958,60.05625208762647,49.85733352009415,50.22730356070652,51.50395314756183,49.28443963817253,63.78760489580382,60.13967009325476,52.00878529368247,44.84797718956384,47.4575267930954,48.98239055906735,47.319307859912705
3.5,Staff Cost to Operating Expenses,46.238450364263414,43.583505677883295,42.00606984362014,46.030018895159955,42.53648167027719,43.55213799792712,45.96766556276019,38.28101757324088,53.10327215440026,54.9427883999352,53.43574681057751,53.816307786527695,49.46137851340014,51.539200829141116,52.80373071018653,53.95653486031321,47.29546004204469,52.100235659313185,51.14217983686815,54.31376247666947,54.19919189636663,55.37852302888009,55.00691103141696,56.89190802828675,56.846176766660825,56.39520613868455,55.67761172255167
3.6,Interest Margin,3.018462986673468,3.1809222984404,3.3013518474349626,2.9239141928488936,3.5365673483463382,4.831297361905987,4.627822866823352,4.117007894483312,4.16675318939348,3.5022476913328195,2.872364886015815,3.3939366134984468,4.113093233575182,3.988001564919197,3.2955472583411485,2.194834870022112,3.1293053083335116,3.8291703118276907,3.526678098356345,3.202713766646016,3.202388219301538,3.446655478665723,3.387068355116643,4.4922549018199085,4.260844662934807,4.166603529417939,4.113077852745911

4,Liquidity Indicators,,,,,,,,,,,,,,,,,,,,,,,,,,,
4.1,Liquid Assets Ratio(e),33.18913404267241,39.74353211091064,22.294353940849874,37.188804755930136,31.69489853170661,60.31574737357425,69.36297652904273,69.43169040633695,63.60092824965149,60.98200135652091,61.85396440299468,71.05270789598683,74.28588000580035,65.36296126343498,61.403188101189656,80.28393208722615,77.70083042542308,68.50286878076061,61.362572215505736,61.57352411939987,47.65147333751834,53.095996530837255,60.384730202603635,59.60709633295663,59.446609467992296,55.63146177105012,52.81538912338998
4.2,Credit to Deposit Ratio,64.5567802652777,69.34571816687122,68.66778127976677,61.509929100903825,54.13384901828178,52.30696105777447,52.53250811569601,43.776583273731326,53.531472476306874,58.90353308537952,56.04154681155953,49.731098660135224,48.81364547311829,52.94789275728642,56.489462823594714,56.25143522572914,62.0950458893557,59.79950406346729,63.01869649944262,65.6396129213001,65.69265452765742,59.49425712249759,52.57772620485244,53.30808803615861,51.28590243099429,51.854045673032154,52.48782271267886


,* Provisional Data,,,,,,,,,,,,,,,,,,,,,,,,,,,
,(a) Net of interest in suspense.,,,,,,,,,,,,,,,,,,,,,,,,,,,
,(b) Net of interest in suspense and specific loan loss provisions.,,,,,,,,,,,,,,,,,,,,,,,,,,,
,(c) Estimated in terms of Capital Adequacy Requirement.,,,,,,,,,,,,,,,,,,,,,,,,,,,
,(d) Capital funds reported in the balance sheet.,,,,,,,,,,,,,,,,,,,,,,,,,,,
,(e) Estimated in terms of statutory liquid assets requirement.,,,,,,,,,,,,,,,,,,,,,,,,,,,

