<new sheet>
sheet_name: Sheet1

,Banking Sector,,,,,,,,,,,,,,,,,,,,,,,,,,,,,,,,,,,,,,,,,,,,,,,,,,,,,,,,
Code,"Earnings/Profits, Rs. Mn",2008,,,,2009,,,,2010,,,,2011,,,,2012,,,,2013,,,,2014,,,,2015,,,,2016,,,,2017,,,,2018,,,,2019,,,,2020,,,,2021*,,,
,,Q1,Q2,Q3,Q4,Q1,Q2,Q3,Q4,Q1,Q2,Q3,Q4,Q1,Q2,Q3,Q4,Q1,Q2,Q3,Q4,Q1,Q2,Q3,Q4,Q1,Q2,Q3,Q4,Q1,Q2,Q3,Q4,Q1,Q2,Q3,Q4,Q1,Q2,Q3,Q4,Q1,Q2,Q3,Q4,Q1,Q2,Q3,Q4,Q1,Q2,Q3,Q4,Q1,Q2,Q3,Q4
A47,Total Income(a),90911.243,189407.932,289640.905,398237.858,99627.14799999999,208110.465,313575.92500441003,423394.40800000005,94980.48200000002,197304.72,297039.333,397385.35400000005,96877.027,197243.21900000004,304501.352,418328.532,127997.529,266755.79800000007,413620.471,574492.794,166924.90600000002,334859.75899999996,505052.83999999997,676935.9750000001,160794.535,316017.50399999996,485196.694,659850.2500000001,162280.48500000002,329080.36900000006,507711.38599999994,688808.9809999999,189639.78399999999,393303.45599999995,616574.072,860357.8509999999,248861.72699999998,521028.76100000006,802957.0260000001,1094520.877,294702.729,595520.162,915317.2280000001,1256449.872,325046.19,664856.2480000001,1005428.378,1341613.036,336102.11699999997,660723.38,975294.8199999998,1303048.424,334786.044,662773.267,996953.4850000001,1364820.642
,Interest Income,79495.288,162335.412,249548.74449999997,343784.646,86100.488,178887.47,269942.75000441,364249.50399999996,80949.234,160789.444,244180.11200000002,330090.718,82691.663,169176.324,260210.423,357690.741,104859.81599999999,223480.63600000003,352843.898,495618.152,142870.969,292640.766,443170.412,591155.588,137855.397,271720.484,413690.0950000001,561808.963,140695.96899999998,285261.864,435900.866,591331.2690000001,166273.34699999998,346405.68600000005,543996.5630000001,757486.152,221879.113,460357.561,711745.1359999999,972512.1540000001,259309.07499999998,530033.289,811733.8200000001,1108735.6269999999,296684.712,600529.936,906666.0829999999,1209490.867,298119.56700000004,587581.122,870026.8059999999,1161131.074,284065.386,573644.401,872238.1760000001,1198262.7829999998
,Interest Expenses,53310.511000000006,109119.136,167266.2975,228681.8569,58375.717000000004,119468.92499999999,177617.80250000002,233942.35900000003,46105.526,89787.64800000002,135611.07,180332.98700000002,44423.833,91004.901,139419.705,192673.731,59313.815,128398.66799999999,208330.344,298371.79000000004,95335.46800000002,196488.48100000003,295377.80100000004,394746.82499999995,92215.607,177820.619,260518.672,340461.334,77161.34700000001,157440.15899999999,241459.094,325235.199,96014.532,202781.911,322692.36799999996,453184.8,143487.91599999997,299024.79000000004,463288.36499999993,630636.432,166443.637,339958.66199999995,521353.172,711128.359,192117.037,389561.37200000003,585972.635,779698.9579999999,193755.217,383660.142,562023.74,734031.9890000001,160296.835,318154.94200000004,479730.471,649320.644
,Net Interest Income,26184.777,53216.276,82282.447,115102.78910000002,27724.771,59418.545,92324.94750441,130307.145,34843.708,71001.796,108569.042,149757.731,38267.83,78171.42300000001,120790.718,165017.00999999998,45546.001000000004,95081.968,144513.55399999997,197246.362,47535.501,96152.285,147792.61099999998,196408.76299999998,45639.79,93899.865,153171.423,221347.62900000002,63534.622,127821.705,194441.77199999997,266096.07,70258.81499999999,143623.775,221304.19499999998,304301.352,78391.19700000001,161332.77099999998,248456.77099999995,341875.722,92865.438,190074.627,290380.648,397607.268,104567.67499999999,210968.56399999998,320693.44800000003,429791.909,104364.35,203920.98,308003.066,427099.08499999996,123768.551,255489.459,392507.70499999996,548942.139
,Non-interest Income,11415.955000000002,27072.519999999997,40092.1605,54453.21200000001,13526.66,29222.995000000003,43633.174999999996,59144.903999999995,14031.248000000001,36515.276000000005,52859.221,67294.63600000001,14185.364,28066.895,44290.929,60637.791,23137.713,43275.162000000004,60776.57299999999,78874.64200000002,24053.936999999994,42218.993,61882.428,85780.38700000002,22939.138,44297.02,71506.599,98041.287,21584.516000000003,43818.505,71810.52,97477.712,23366.437,46897.77,72577.509,102871.69900000001,26982.614,60671.2,91211.89,122008.72299999998,35393.654,65486.873,103583.408,147714.24500000002,28361.478000000003,64326.312000000005,98762.295,132122.169,37982.549999999996,73142.258,105268.014,141917.35000000003,50720.658,89128.86600000001,124715.309,166557.85899999997
,Foreign Exchange  Income (net),2080.623,5444.002,8364.256000000001,13887.053999999998,4182.365,6436.688,9337.213000000002,12025.653,2997.451,6032.911,8391.594000000001,11881.867,3245.8959999999997,6058.276000000001,10077.212000000001,14891.421999999999,11631.268,19492.87,23193.804,26738.699,4315.053,8298.204,13895.962000000001,16404.477000000003,4073.0610000000006,7935.889999999999,11640.318000000001,19258.354,5365.7609999999995,10491.543000000001,19853.869000000002,27469.257999999998,7139.647999999999,12905.176,18947.517,25895.052000000003,7073.020000000001,13307.805000000002,17765.454,23412.049000000003,7329.926,15461.114000000001,29433.641,48550.761999999995,3304.454,11498.514000000001,20469.485000000004,26613.068,14201.280999999999,19252.732,24594.031999999996,31538.976000000006,18782.071,29717.367000000002,39158.701,46388.67399999999
,Operating Expenses,20314.557,41522.138000000006,63732.656,88952.456,22880.947,44109.641,67783.935,96506.83099999999,24359.316,48454.768,74319.12400000001,105849.36899999999,27200.828,55712.81300000001,85105.153,117441.917,32420.368,68578.13699999999,98829.43400000001,133506.06299999997,32858.14,68112.688,104406.368,141969.18300000002,37135.44299999999,76249.235,116483.05900000001,160184.01899999997,42471.015,85692.306,133204.52000000002,178491.90399999998,52623.984,96245.42,144722.40999999997,197229.762,49848.869000000006,98020.23800000001,150580.80700000003,204673.158,57589.068,117024.81700000001,181409.38400000002,254233.901,65490.44,130728.334,197645.48,264348.106,71607.369,122107.227,186903.16,252396.95,71490.75099999999,141809.546,219437.50699999998,299752.33
,Staff cost,8815.543000000001,18238.691,28023.7105,39595.981999999996,10238.743999999999,20769.759000000002,31777.154499999997,44860.049000000006,11141.083999999999,22510.345,34226.596999999994,47818.98300000001,12088.902,25173.741,37724.553,51860.407999999996,14436.563,29748.444000000003,45206.651000000005,61117.65699999999,15528.923999999999,31706.121,48153.53499999999,63727.344000000005,16740.105,33988.834,51496.14799999999,69629.93999999999,19364.103999999996,39902.038,60711.253000000004,81225.21100000001,21009.678,43099.702000000005,65707.927,88613.113,22464.595,45808.888999999996,69636.979,95088.22,25771.744000000006,52910.547,81585.209,112147.80999999998,28675.355000000003,58104.546,87813.60900000001,117814.574,28989.384000000005,56359.171,86614.238,117177.198,33377.856999999996,66054.832,99622.57900000001,135390.58815000003
,Provision for Bad and Doubtful Debts and Loan Write-offs (net),1898.628,5016.893,7364.7135,11799.421999999999,2646.655,6581.197,8722.859999999999,21545.586,2389.1690000000003,-4884.224,-3687.2310000000016,-6187.697999999999,-200.0829999999999,-897.2080000000004,-1899.019,-2935.384,1355.926,3351.4990000000003,4767.141,6297.180000000001,1189.1309999999999,7503.591999999999,13534.135,18455.612999999998,1609.6790000000003,1532.558,5110.522000000002,13009.835000000001,4232.31,8326.374999999998,12710.533,18955.946,3454.8880000000004,5113.102000000001,5605.42,10520.965,3265.1130000000007,9651.304000000002,15894.328,20247.492999999995,6254.808,17262.863999999998,27564.895000000004,41298.566,10183.429000000002,30381.094,41746.427,61166.68199999999,18563.472999999998,54909.369999999995,65494.384,83534.86300000003,15654.457000000002,37919.365999999995,61485.07400000001,91263.83956000002
,Provision for Decline in Value in Investments (net),-46.763999999999996,129.23000000000002,330.577,2423.336,-102.389,-1000.829,-798.944,-102.67899999999997,-45.724999999999994,-395.788,-345.817,193.72400000000005,122.91000000000001,542.035,1220.909,2897.3959999999997,908.656,229.99699999999999,-173.737,1620.775,-45.345,-68.648,10.883999999999999,-22.511000000000045,-1844.617,-2790.9320000000002,-2876.295,-2319.7330000000006,137.436,94.306,108.145,102.541,149.238,116.937,38.04899999999998,205.114,103.15,71.62799999999999,155.62,-133.28300000000002,308.37899999999996,418.482,495.201,1082.546,289.75899999999996,976.888,618.344,322.1889999999999,722.0400000000001,1139.638,522.302,747.757,540.865,459.763,-62.67200000000004,8327.87341
,Profit Before VAT & Taxes ,15434.310999999998,33620.148,50946.66100000001,66380.8581,15826.217999999997,38951.530999999995,60250.271504410004,71502.185,22172.196,64342.07699999999,91142.18699999999,117196.97200000001,25329.538999999997,50880.678,80654.60399999999,108250.872,33998.763999999996,66197.497,101867.289,134696.98599999998,37587.512,62823.64600000001,91723.652,121786.865,31678.423,63206.024,105960.736,148514.79500000004,38278.377,77527.22300000001,120229.09400000001,166023.39099999997,37397.142,89046.08600000001,143515.825,199217.21000000002,52156.679000000004,114260.801,173037.906,239097.077,64106.837,120855.337,184494.576,248706.5,56965.524999999994,113208.56,179445.492,236077.10100000002,51454.018,98907.00299999998,160351.234,232336.86500000005,86803.136,164429.65,236363.10499999998,316155.95593
,VAT on Financial Services,3772.8339999999994,8212.416,12848.867000000002,15957.266,4305.869999999999,9976.905,15601.024000000001,19292.668999999998,5711.301,15523.577,20656.727,27229.229,3675.1699999999996,7420.673999999999,11612.117999999999,14173.507,4762.671,9330.972,13992.029999999999,17918.834,4919.989,8902.840999999999,12985.332999999999,17299.046,4857.25,9327.833,15443.990999999998,22028.303,5610.972999999999,11839.489,18262.778,26165.672,6410.429,15211.034,22732.857,34248.244,10227.654999999999,21697.682,32403.401,44699.31700000001,12828.867999999999,24378.712999999996,37427.418999999994,53990.770000000004,15094.426,31817.688,49001.848,64337.352,10796.591,18166.086,29632.561999999998,42652.664000000004,15794.114000000001,30670.778000000002,43918.126,57433.71993000001
,Profit Before Corporate Taxes,11661.476999999999,25407.732000000004,38097.794,50423.5921,11520.347999999998,28974.625999999997,44649.24750441,52209.516,16460.895,48818.49999999999,70485.45999999999,89967.743,21654.369,43460.004,69042.48599999999,94077.365,29236.092999999997,56866.525,87875.259,116778.15199999999,32667.523,53920.80500000001,78738.319,104487.819,26821.173,53878.191,90516.74500000001,126486.49200000003,32667.404000000002,65687.73400000001,101966.316,139857.71899999998,30986.713,73835.05200000001,120782.96800000001,164968.96600000001,41929.024000000005,92563.119,140634.50499999998,194397.75999999998,51277.969,96476.62400000001,147067.157,194715.73,41871.098999999995,81390.872,130443.644,171739.749,40657.426999999996,80740.91699999999,130718.672,189684.20100000003,71009.022,133758.872,192444.979,258722.23599999998
,Corporate Tax,4882.806999999999,10264.617,16366.324999999997,22667.650999999998,5212.207,12057.189000000002,19143.662,24941.811,7252.137,14587.792999999998,24473.391,30776.818999999996,7343.037,13847.503999999999,22270.633,28231.609,9032.371,17699.328999999998,26499.726,34112.350999999995,8050.62,14531.122,22347.022,29893.092000000004,7530.478,15837.293999999998,27164.849000000002,38481.361,10066.996,19971.4,30392.689000000002,42733.279,9761.761,21717.981999999996,34176.292,48473.604999999996,12943.474000000002,27400.577999999998,42429.652,55930.251,15566.291,31921.595,51217.808000000005,68842.614,16398.36,30065.116,47804.126,60683.544,12632.079000000002,20755.280000000006,35945.091,53870.443,20317.956,27991.697,43319.93099999999,60323.802639999994
,Profits After Corporate Tax,6778.67,15143.115,21731.468999999997,27755.9411,6308.1410000000005,16917.437,25505.58550441,27267.705,9208.758,34230.707,46012.068999999996,59190.924,14311.332000000002,29612.5,46771.853,65845.75600000001,20203.722,39167.195999999996,61375.532999999996,82665.80099999999,24616.903000000002,39389.683000000005,56391.297,74594.727,19290.695000000003,38040.897000000004,63351.89599999999,88005.131,22600.407999999996,45716.334,71573.62700000001,97124.44,21224.951999999997,52117.06999999999,86606.67599999999,116495.36099999999,28985.550000000003,65162.541,98204.853,138467.50900000002,35711.678,64555.029,95849.34900000002,125873.11600000002,25472.738999999998,51325.756,82639.51800000001,111056.20499999997,28025.348,59985.636999999995,94773.581,135813.758,50691.066,105767.175,149125.04799999998,198398.43399999998


,Licensed Commercial Banks,,,,,,,,,,,,,,,,,,,,,,,,,,,,,,,,,,,,,,,,,,,,,,,,,,,,,,,,
,"Earnings/Profits, Rs. Mn",2008,,,,2009,,,,2010,,,,2011,,,,2012,,,,2013,,,,2014,,,,2015,,,,2016,,,,2017,,,,2018,,,,2019,,,,2020,,,,2021*,,,
,,Q1,Q2,Q3,Q4,Q1,Q2,Q3,Q4,Q1,Q2,Q3,Q4,Q1,Q2,Q3,Q4,Q1,Q2,Q3,Q4,Q1,Q2,Q3,Q4,Q1,Q2,Q3,Q4,Q1,Q2,Q3,Q4,Q1,Q2,Q3,Q4,Q1,Q2,Q3,Q4,Q1,Q2,Q3,Q4,Q1,Q2,Q3,Q4,Q1,Q2,Q3,Q4,Q1,Q2,Q3,Q4
,Total Income(a),75864.455,158223.55,241751.984,333022.869,84176.58499999999,173646.095,259597.44400000002,348376.791,76453.77100000001,156024.668,236405.27300000002,319142.80100000004,79350.13500000001,162158.08700000003,251677.97000000003,346836.456,108878.871,227994.82200000004,353578.57800000004,490392.732,142559.35100000002,285638.691,431413.236,576502.035,133445.154,262108.895,401825.647,546701.7380000001,133331.162,271484.06700000004,420444.30799999996,578491.1769999999,160295.728,333976.00899999996,525561.3840000001,735228.695,214306.237,447077.128,689155.704,939388.9410000001,253866.791,511973.89499999996,787980.9750000001,1089353.288,281829.966,577556.3450000001,873493.3400000001,1163363.3830000001,290892.377,570166.882,842600.8799999999,1121389.412,288559.64,570531.961,858423.8390000002,1176561.172
,Interest Income,66249.093,134954.255,207531.954,286559.665,72712.875,148976.203,223076.63799999998,299043.68499999994,64696.696,130538.93599999999,197601.766,267386.444,67086.997,137680.672,212447.342,293177.05799999996,87443.61799999999,187947.97100000002,298026.876,418678.073,121025.705,247893.723,375693.513,499522.846,113414.60299999999,223189.741,339260.0300000001,460732.83300000004,113632.92199999999,231264.16,353637.341,486794.33700000006,137940.316,289499.20900000003,456665.51300000004,637691.175,188510.03300000002,391074.55399999995,604940.5599999999,826393.41,219993.617,449446.071,689221.248,948170.9769999998,254614.783,515857.79,778309.8749999999,1036497.1680000001,253999.589,499343.07399999996,741574.2089999999,986185.7239999999,239310.345,483876.91199999995,737047.6250000001,1014808.09
,Interest Expenses,42705.149000000005,87300.64199999999,133609.906,183570.467,47112.261000000006,95619.177,141463.518,184766.22300000003,35205.835999999996,69758.67700000001,104892.09999999999,139893.45500000002,34804.187,71709.527,110324.962,153078.929,48107.163,104923.90699999999,171109.54,244446.47400000002,77814.57900000001,160707.47300000003,241286.04200000002,321140.95399999997,73532.59,141466.621,207047.892,270247.115,60656.876000000004,123745.303,190171.54700000002,260806.82800000004,78630.07400000001,166673.775,266128.512,373959.805,119734.98499999997,249481.689,386379.8009999999,525671.323,138453.59399999998,282878.39499999996,434785.977,595904.8080000001,162894.087,329927.54600000003,495679.29000000004,658448.4369999999,162549.448,321603.863,471900.591,616645.2790000001,135484.851,267854.47500000003,404834.478,548106.384
,Net Interest Income,23543.944,47653.613,73922.048,102989.19800000002,25600.614,53357.026,81613.12,114277.462,29490.86,60780.259000000005,92709.666,127492.989,32282.81,65971.145,102122.37999999999,140098.129,39336.455,83024.064,126917.33599999998,174231.599,43211.126,87186.25,134407.471,178381.892,39882.013,81723.12000000001,132212.138,190485.71800000002,52976.046,107518.857,163465.79399999997,225987.509,59310.24199999999,122825.434,190537.001,263731.37,68775.04800000001,141592.865,218560.75899999996,300722.087,81540.023,166567.676,254435.271,352266.169,91720.696,185930.24399999998,282630.585,378048.73099999997,91450.141,177739.211,269673.618,369540.44499999995,103825.494,216022.437,332213.14699999994,466701.706
,Non-interest Income,9615.362000000001,23269.295,34220.03,46463.204000000005,11463.710000000001,24669.892,36520.806,49333.106,11757.075,25485.732,38803.507,51756.35700000001,12263.137999999999,24477.415,39230.628,53659.398,21435.253,40046.851,55551.70199999999,71714.65900000001,21533.645999999993,37744.968,55719.723,76979.18900000001,20030.551,38919.153999999995,62565.617,85968.905,19698.24,40219.907,66806.967,91696.84,22355.412,44476.799999999996,68895.871,97537.52,25796.204,56002.574,84215.144,112995.53099999999,33873.174,62527.824,98759.727,141182.31100000002,27215.183000000005,61698.55500000001,95183.465,126866.215,36892.78799999999,70823.808,101026.671,135203.68800000002,49249.295000000006,86655.04900000001,121376.21399999999,161753.08199999997
,Foreign Exchange  Income (net),2079.573,5447.5070000000005,8363.057,13842.844,4208.632,6462.281,9354.721000000001,12055.588,3017.474,6072.644,8443.405,11922.378,3232.9809999999998,6036.3330000000005,10053.865000000002,15064.577,11795.375,19675.642,23229.994,26827.21,4371.495,8613.384,14312.373000000001,17335.846,4563.154,8644.976999999999,12478.877,19035.612999999998,5416.254999999999,10680.630000000001,20171.45,27179.759,7119.1269999999995,12800.712,18828.186,25555.406000000003,6909.469000000001,13012.581000000002,17503.769,23090.653000000002,7129.206,15052.714000000002,28439.693,47386.969,3311.684,11415.219000000001,20311.761000000006,26309.083,13963.991999999998,19061.638,24320.512999999995,31148.373000000007,18624.667,29432.43,38909.588,46069.39899999999
,Operating Expenses,18054.164,36940.151000000005,56787.012,79561.179,20593.635,39296.868,60402.494999999995,85694.16799999999,21478.957,43594.443999999996,66480.978,94417.779,23909.593,49323.67600000001,75591.81700000001,104435.687,28547.438,59436.88599999999,87201.335,118334.25999999998,29053.907000000003,60508.229,92693.166,126292.57400000001,32814.865999999995,67710.379,102656.18200000002,140026.89399999997,36664.71,74327.098,116084.062,157137.348,45998.731,84560.745,127817.31599999999,174260.612,43924.355,86071.17900000002,132543.34100000001,180461.869,50394.773,101870.849,157580.581,222689.92700000003,57240.93,114302.213,173660.38,233077.393,62497.282,105855.599,162916.249,220982.681,62220.11799999999,123361.169,190660.788,261093.17
,Staff cost,7566.051,15761.704999999998,24271.710000000003,34577.683,8869.833999999999,18039.529000000002,27667.725,39041.073000000004,9546.789999999999,19945.568,30159.628999999997,42164.761000000006,10308.34,21819.379,32833.02,45157.100999999995,12326.964,25613.683,39072.836,53106.37899999999,13312.246,27471.824,41856.03199999999,55268.789000000004,14319.824,29301.582,44455.55999999999,60096.53499999999,16305.897999999997,33733.78,51633.69300000001,70099.437,18273.476,37345.29200000001,56711.966,76866.189,19246.633,39325.469,59903.425,81938.158,21734.591000000004,44568.806,68819.191,95051.23099999999,24491.741,49676.554000000004,74797.221,100497.315,24709.271000000004,47772.281,73317.669,99897.179,28103.617,55567.635,83393.88900000001,113866.09115000001
,Provision for Bad and Doubtful Debts and Loan Write-offs (net),1798.393,4714.359,6748.26,10868.525999999998,2569.3680000000004,6301.073,8366.603,20900.201,2158.28,-5269.929,-4371.9090000000015,-6584.696999999999,-40.5329999999999,-612.3300000000004,-1628.944,-2496.723,1204.732,3220.188,4656.156,6345.970000000001,1158.924,7191.530999999999,13089.712,17565.582,1382.1710000000003,892.7990000000001,3179.2430000000013,9845.132000000001,3502.6010000000006,7266.578999999999,10733.918,15119.291000000001,2187.972,3526.1160000000004,3897.793,8827.637,2900.4410000000007,8784.489000000001,14520.693,18682.714999999997,5791.05,15965.826,25588.542000000005,38611.894,9263.684000000001,28012.267,38136.581000000006,56002.42799999999,16951.517,52779.30099999999,62349.712999999996,79458.38500000002,14921.804000000002,34837.81,56476.191000000006,85677.63156000002
,Provision for Decline in Value in Investments (net),-28.961,93.301,113.07,1220.4740000000002,29.063,-90.41600000000001,336.847,958.91,-105.624,57.911,30.882000000000005,574.748,122.91000000000001,531.956,1081.8400000000001,1697.558,258.165,211.94899999999998,-191.785,1620.775,-45.345,-68.648,-0.9190000000000023,-36.79700000000005,-1844.617,-2790.9320000000002,-2886.795,-2217.7120000000004,137.436,91.325,106.464,102.541,149.238,116.937,38.04899999999998,205.114,103.15,71.62799999999999,155.62,-133.28300000000002,308.37899999999996,418.482,495.201,1082.546,289.75899999999996,976.888,618.344,322.1889999999999,722.0400000000001,1139.638,522.302,747.757,540.865,459.763,-62.67200000000004,8327.87341
,Operating Profit Before VAT & Taxes ,13335.71,29174.71,44493.736000000004,57802.294,13872.257999999998,32519.392999999996,49027.981,56057.289000000004,17716.322,47883.56499999999,69373.222,90841.516,20553.978,41205.258,66308.295,90121.005,30761.373,60201.892,90803.33200000001,119645.25299999998,34577.286,57300.10600000001,84345.235,111539.72200000001,27560.144,54830.028,91829.125,128800.30900000002,32369.539,66053.762,103348.31700000001,145325.169,33329.712999999996,79098.436,127679.714,177975.52700000003,47643.306,102668.14300000001,155556.24899999998,214706.31699999998,58918.994999999995,110840.34300000001,169530.674,231064.113,52141.505999999994,104337.431,165398.745,215512.936,48172.09,88788.48099999999,144912.025,203555.31000000003,75392.002,144018.744,206515.054,273356.11393
,VAT on Financial Services,3336.0129999999995,7294.147999999999,11303.014000000001,13429.661,3862.0149999999994,8540.153,13132.682,15306.382,4690.5830000000005,11897.514,15739.783000000001,21250.932,2971.0409999999997,6004.514999999999,9488.958999999999,11478.087,4185.345,8248.203,12331.391,15626.789999999999,4354.615,7888.022999999999,11656.145999999999,15485.327,4165.8060000000005,8039.747,13241.812999999998,18939.534,4671.357999999999,9944.166,15465.939999999999,22586.315,5558.186,13217.279,19695.12,30009.039999999997,9091.439999999999,19113.493,28487.514000000003,39252.74800000001,11393.229,21595.704999999998,33094.793,48023.088,13058.803,27813.078999999998,42898.436,56017.914,9523.824,15663.256,25937.925,36618.94,13408.144,26598.477000000003,37768.244999999995,48876.17493000001
,Operating Profit Before Corporate Taxes,9999.697,21880.562,33190.722,44372.633,10010.242999999999,23979.239999999998,35895.299,40750.90700000001,13025.739,35986.05099999999,53633.439,69590.584,17582.936999999998,35200.743,56819.335999999996,78642.918,26576.028,51953.689,78471.941,104018.46299999999,30222.671000000002,49412.083000000006,72689.089,96054.395,23394.338,46790.280999999995,78587.312,109860.77500000002,27698.181,56109.596000000005,87882.37700000001,122738.85399999999,27771.527,65881.157,107984.59400000001,147966.48700000002,38551.866,83554.65000000001,127068.73499999999,175453.569,47525.765999999996,89244.638,136435.881,183041.02500000002,39082.702999999994,76524.352,122500.30900000001,159495.022,38648.265999999996,73125.22499999999,118974.1,166936.37000000002,61983.85799999999,117420.26699999999,168746.809,224479.93899999998
,Corporate Tax,4121.688999999999,8990.454,14344.336999999998,19198.558999999997,4431.813,10354.596000000001,15959.573999999999,19917.731,5874.115,11647.990999999998,20078.982,24407.528,6277.298000000001,11552.568,18818.232,23567.584,8131.123,15935.139,23891.798,30479.665999999997,7514.231,13542.086,20627.341,27635.657000000003,7033.168,14001.482999999998,23417.544,33272.181,8746.797999999999,16939.499,25957.168,37130.402,8758.931,19346.028,30330.353000000003,43105.788,11760.877000000002,24875.809999999998,38344.986000000004,49946.395,14050.713,28832.748,46546.615000000005,63543.167,14983.317000000001,27247.519,43587.505,54721.323000000004,11303.266000000001,18105.700000000004,31816.362,46412.083999999995,16978.247,24533.704,37660.45199999999,52247.459639999994
,Operating Profits After Corporate Tax,5878.008,12890.108,18846.385,25174.074,5578.43,13624.644000000002,19935.725,20833.176,7151.624,24338.06,33554.456999999995,45183.056,11305.639000000001,23648.175,38001.104,55075.334,18444.905000000002,36018.549999999996,54580.143,73538.79699999999,22708.440000000002,35869.997,52061.748,68418.738,16361.170000000002,32788.798,55169.768,76588.594,18951.382999999998,39170.097,61925.20900000001,85608.452,19012.595999999998,46535.12899999999,77654.241,104860.699,26790.989,58678.84,88723.749,125507.17400000001,33475.053,60411.89,89889.26600000002,119497.85800000002,24099.386,49276.833,78912.804,104773.69899999998,27345,55019.524999999994,87157.73800000001,120524.28600000001,45005.611,92886.56300000001,131086.357,172232.47999999998


,Licensed Specialised Banks,,,,,,,,,,,,,,,,,,,,,,,,,,,,,,,,,,,,,,,,,,,,,,,,,,,,,,,,
,"Earnings/Profits, Rs. Mn",2008,,,,2009,,,,2010,,,,2011,,,,2012,,,,2013,,,,2014,,,,2015,,,,2016,,,,2017,,,,2018,,,,2019,,,,2020,,,,2021*,,,
,,Q1,Q2,Q3,Q4,Q1,Q2,Q3,Q4,Q1,Q2,Q3,Q4,Q1,Q2,Q3,Q4,Q1,Q2,Q3,Q4,Q1,Q2,Q3,Q4,Q1,Q2,Q3,Q4,Q1,Q2,Q3,Q4,Q1,Q2,Q3,Q4,Q1,Q2,Q3,Q4,Q1,Q2,Q3,Q4,Q1,Q2,Q3,Q4,Q1,Q2,Q3,Q4,Q1,Q2,Q3,Q4
,Total Income(a),15046.788,31184.382,47888.921,65214.989,15450.562999999998,34464.369999999995,53978.48100441,75017.617,18526.711000000003,41280.051999999996,60634.05999999999,78242.55299999999,17526.892,35085.132,52823.382000000005,71492.076,19118.658,38760.975999999995,60041.893000000004,84100.06199999999,24365.554999999997,49221.06799999999,73639.60399999999,100433.94,27349.380999999998,53908.609,83371.04700000002,113148.512,28949.323000000004,57596.301999999996,87267.078,110317.80400000002,29344.055999999997,59327.447,91012.688,125129.15599999997,34555.49,73951.633,113801.32200000001,155131.936,40835.938,83546.26700000002,127336.25299999998,167096.584,43216.223999999995,87299.90299999999,131935.038,178249.653,45209.74,90556.498,132693.94,181659.012,46226.404,92241.30599999998,138529.646,188259.46999999994
,Interest Income,13246.195,27381.157,42016.79049999999,57224.98100000001,13387.613,29911.267,46866.112004409995,65205.819,16252.538,30250.507999999998,46578.346000000005,62704.274000000005,15604.666000000001,31495.652000000002,47763.081000000006,64513.68300000001,17416.198,35532.665,54817.022000000004,76940.079,21845.264,44747.04299999999,67476.899,91632.742,24440.794,48530.743,74430.06499999999,101076.13,27063.047000000002,53997.704000000005,82263.52499999998,104536.93200000002,28333.030999999995,56906.477,87331.05000000002,119794.97699999998,33369.08,69283.00700000001,106804.57599999999,146118.744,39315.45799999999,80587.218,122512.57199999999,160564.64999999997,42069.929000000004,84672.146,128356.208,172993.69900000002,44119.978,88238.048,128452.59700000001,174945.35,44755.041,89767.489,135190.551,183454.69299999997
,Interest Expenses,10605.362,21818.494,33656.3915,45111.38990000001,11263.455999999998,23849.748,36154.28450000001,49176.136,10899.689999999999,20028.971,30718.97,40439.532,9619.645999999999,19295.374,29094.743,39594.802,11206.652000000002,23474.761,37220.804,53925.316000000006,17520.889000000003,35781.007999999994,54091.759,73605.87099999998,18683.017000000003,36353.998,53470.78,70214.219,16504.471,33694.856,51287.547,64428.371,17384.458000000002,36108.136000000006,56563.85599999999,79224.995,23752.930999999997,49543.100999999995,76908.564,104965.109,27990.043,57080.267,86567.19499999999,115223.551,29222.950000000004,59633.826,90293.345,121250.52100000001,31205.769,62056.278999999995,90123.149,117386.71,24811.983999999997,50300.46699999999,74895.993,101214.26
,Net Interest Income,2640.8329999999996,5562.6630000000005,8360.399,12113.5911,2124.157,6061.519,10711.827504410001,16029.683,5352.848000000001,10221.537,15859.376,22264.742,5985.020000000001,12200.277999999998,18668.338000000003,24918.881,6209.545999999999,12057.904,17596.218,23014.762999999995,4324.375,8966.034999999998,13385.14,18026.871,5757.776999999999,12176.744999999999,20959.285,30861.911,10558.576,20302.848,30975.978000000003,40108.560999999994,10948.572999999999,20798.341000000008,30767.194,40569.982,9616.149000000001,19739.906,29896.011999999995,41153.635,11325.415,23506.951,35945.377,45341.099,12846.979,25038.319999999996,38062.863,51743.178,12914.208999999999,26181.769,38329.448,57558.64000000001,19943.057,39467.02199999999,60294.558000000005,82240.433
,Non-interest Income,1800.593,3803.225,5872.1305,7990.008,2062.95,4553.103000000001,7112.369,9811.797999999997,2274.1730000000002,11029.544000000004,14055.713999999998,15538.278999999999,1922.226,3589.4799999999996,5060.301,6978.393,1702.4599999999998,3228.3109999999997,5224.871000000001,7159.983,2520.2909999999997,4474.025000000001,6162.704999999998,8801.198,2908.587,5377.866,8940.981999999998,12072.382,1886.2759999999998,3598.598,5003.553,5780.871999999999,1011.0249999999999,2420.97,3681.638,5334.179000000001,1186.4099999999999,4668.626,6996.746000000001,9013.192000000001,1520.48,2959.049,4823.6810000000005,6531.933999999999,1146.295,2627.757,3578.83,5255.954,1089.762,2318.4500000000003,4241.342999999999,6713.662,1471.363,2473.817,3339.095,4804.776999999999
,Foreign Exchange  Income (net),1.0499999999999994,-3.505,1.1990000000000003,44.21,-26.267,-25.593000000000004,-17.508,-29.935,-20.023,-39.733000000000004,-51.81099999999999,-40.511,12.915,21.942999999999998,23.346999999999998,-173.155,-164.107,-182.772,-36.190000000000005,-88.51100000000001,-56.44200000000001,-315.18000000000006,-416.411,-931.3690000000001,-490.093,-709.087,-838.559,222.741,-50.494,-189.087,-317.58099999999996,289.499,20.521,104.464,119.331,339.646,163.551,295.224,261.68500000000006,321.39599999999996,200.72,408.4,993.948,1163.793,-7.2299999999999995,83.295,157.72400000000002,303.985,237.289,191.094,273.519,390.60300000000007,157.404,284.937,249.113,319.27500000000003
,Operating Expenses,2260.393,4581.986999999999,6945.644,9391.277000000002,2287.312,4812.772999999999,7381.44,10812.663,2880.359,4860.324,7838.146000000001,11431.59,3291.2349999999997,6389.137000000001,9513.336,13006.230000000001,3872.9300000000003,9141.251,11628.099,15171.803,3804.2329999999997,7604.458999999999,11713.202000000001,15676.609,4320.577,8538.856000000002,13826.877,20157.125,5806.305,11365.208,17120.458,21354.555999999997,6625.253000000001,11684.675,16905.093999999997,22969.15,5924.513999999999,11949.059,18037.466,24211.288999999997,7194.295,15153.968,23828.803,31543.974000000002,8249.51,16426.121,23985.1,31270.713,9110.087,16251.628,23986.911,31414.269,9270.632999999998,18448.377,28776.718999999997,38659.159999999996
,Staff cost,1249.4920000000002,2476.986,3752.0005,5018.299,1368.91,2730.23,4109.4295,5818.976,1594.2939999999996,2564.777,4066.968,5654.222,1780.5620000000001,3354.362,4891.533,6703.307000000002,2109.599,4134.761,6133.815,8011.278,2216.678,4234.297,6297.503000000001,8458.554999999998,2420.281,4687.252,7040.588,9533.405,3058.2059999999997,6168.258,9077.56,11125.774000000001,2736.202,5754.41,8995.961,11746.924,3217.9620000000004,6483.42,9733.554,13150.062,4037.1530000000002,8341.741,12766.018,17096.578999999998,4183.614,8427.992,13016.388,17317.259,4280.113,8586.89,13296.569000000001,17280.019,5274.24,10487.197,16228.69,21524.497000000003
,Provision for Bad and Doubtful Debts and Loan Write-offs (net),100.235,302.53399999999993,616.4535,930.8959999999998,77.28699999999999,280.124,356.25700000000006,645.385,230.88899999999998,385.70500000000004,684.6779999999999,396.9990000000001,-159.55,-284.87800000000004,-270.075,-438.66100000000006,151.19400000000002,131.31100000000004,110.98500000000003,-48.790000000000035,30.20699999999999,312.061,444.42299999999994,890.031,227.508,639.759,1931.2790000000002,3164.703,729.7090000000001,1059.796,1976.615,3836.655,1266.9160000000002,1586.986,1707.6270000000002,1693.328,364.6720000000001,866.815,1373.6350000000002,1564.7779999999998,463.758,1297.038,1976.353,2686.6720000000005,919.745,2368.827,3609.8459999999995,5164.254,1611.9560000000001,2130.069,3144.6710000000003,4076.478,732.653,3081.556,5008.883,5586.2080000000005
,Provision for Decline in Value in Investments (net),-17.803,35.929,217.50699999999998,1202.8619999999999,-131.452,-910.4129999999999,-1135.791,-1061.589,59.899,-453.699,-376.699,-381.024,0,10.079,139.069,1199.838,650.491,18.048,18.048,0,0,0,11.803,14.286,0,0,10.5,-102.021,0,2.981,1.681,0,0,0,0,0,0,0,0,0,0,0,0,0,0,0,0,0,0,0,0,0,0,0,0,0
,Operating Profit Before VAT & Taxes ,2098.6009999999997,4445.438,6452.925,8578.5641,1953.9599999999998,6432.138,11222.29050441,15444.896,4455.874,16458.512,21768.965,26355.456000000002,4775.561000000001,9675.42,14346.309,18129.867,3237.391,5995.6050000000005,11063.957,15051.732999999998,3010.2260000000006,5523.54,7378.4169999999995,10247.143,4118.2789999999995,8375.996000000001,14131.610999999999,19714.486,5908.838,11473.461000000001,16880.777,20698.222,4067.429,9947.65,15836.111,21241.682999999997,4513.3730000000005,11592.658,17481.657,24390.76,5187.842000000001,10014.994,14963.901999999998,17642.387,4824.019,8871.128999999999,14046.747,20564.165,3281.928,10118.521999999999,15439.208999999999,28781.555,11411.134000000002,20410.905999999995,29848.051,42799.842
,VAT on Financial Services,436.82099999999997,918.2679999999999,1545.853,2527.6049999999996,443.855,1436.7519999999997,2468.342,3986.287,1020.718,3626.063,4916.9439999999995,5978.297,704.1289999999999,1416.159,2123.159,2695.4199999999996,577.3259999999999,1082.769,1660.639,2292.044,565.374,1014.8180000000001,1329.187,1813.719,691.444,1288.086,2202.1780000000003,3088.769,939.6149999999999,1895.323,2796.838,3579.357,852.2429999999999,1993.755,3037.737,4239.204,1136.2150000000001,2584.1890000000003,3915.8869999999997,5446.569,1435.6390000000001,2783.008,4332.625999999999,5967.682,2035.623,4004.6089999999995,6103.412,8319.438,1272.767,2502.83,3694.6369999999997,6033.724,2385.9700000000003,4072.3009999999995,6149.880999999999,8557.545
,Operating Profit Before Corporate Taxes,1661.7799999999997,3527.17,4907.072,6050.959100000001,1510.1049999999998,4995.386,8753.94850441,11458.609,3435.156,12832.448999999999,16852.021,20377.159000000003,4071.4320000000007,8259.261,12223.15,15434.447,2660.065,4912.836,9403.318000000001,12759.688999999998,2444.8520000000003,4508.722,6049.23,8433.423999999999,3426.8349999999996,7087.910000000001,11929.432999999999,16625.717,4969.223,9578.138,14083.938999999997,17118.865,3215.186,7953.8949999999995,12798.374,17002.479,3377.1580000000004,9008.469,13565.77,18944.191,3752.203,7231.986000000001,10631.276,11674.705,2788.3959999999997,4866.5199999999995,7943.334999999999,12244.726999999999,2009.1609999999998,7615.691999999999,11744.572,22747.831,9025.164,16338.604999999998,23698.17,34242.297
,Corporate Tax,761.1179999999999,1274.163,2021.9879999999998,3469.092,780.394,1702.593,3184.0880000000006,5024.080000000001,1378.022,2939.8019999999997,4394.409,6369.290999999999,1065.739,2294.9359999999997,3452.401,4664.025000000001,901.248,1764.19,2607.928,3632.685,536.389,989.036,1719.6809999999998,2257.435,497.31000000000006,1835.8110000000001,3747.305,5209.179999999999,1320.1979999999996,3031.901,4435.521,5602.8769999999995,1002.8299999999999,2371.9539999999997,3845.9390000000003,5367.816999999999,1182.5969999999998,2524.768,4084.666,5983.856000000001,1515.578,3088.847,4671.193,5299.447,1415.0430000000001,2817.597,4216.621,5962.221,1328.8129999999999,2649.58,4128.728999999999,7458.359,3339.7090000000003,3457.993,5659.478999999999,8076.342999999999
,Operating Profits After Corporate Tax,900.662,2253.007,2885.084,2581.8671000000004,729.711,3292.793,5569.8605044099995,6434.529,2057.134,9892.647,12457.612,14007.868,3005.693,5964.325,8770.749000000002,10770.422000000002,1758.8170000000002,3148.6459999999997,6795.39,9127.004,1908.4630000000002,3519.6859999999997,4329.549,6175.9890000000005,2929.525,5252.099,8182.128000000001,11416.536999999998,3649.0249999999996,6546.237000000001,9648.418,11515.988,2212.356,5581.941,8952.435,11634.661999999998,2194.561,6483.701000000001,9481.104,12960.335,2236.625,4143.139,5960.0830000000005,6375.258,1373.3529999999998,2048.923,3726.714,6282.506,680.3480000000001,4966.111999999999,7615.843000000001,15289.472000000002,5685.454999999999,12880.611999999997,18038.691,26165.954


,Notes,,,,,,,,,,,,,,,,,,,,,,,,,,,,,,,,,,,,,,,,,,,,,,,,,,,,,,,,
,"(a)Total income includes interest income, foreign exchange income, fee based income and other operating income  ",,,,,,,,,,,,,,,,,,,,,,,,,,,,,,,,,,,,,,,,,,,,,,,,,,,,,,,,
,* Provisional Data,,,,,,,,,,,,,,,,,,,,,,,,,,,,,,,,,,,,,,,,,,,,,,,,,,,,,,,,

