<new sheet>
sheet_name: LCBs
Bank and Branch Network of Licensed Commercial Banks by District,,,,,,,,,,,,,,,,,,,,,,,,,,,,,,,,,,,,,,,,,,,,,,,,,,,,,,,,,,,,,,,,,,,,,,,,,,,,,,,,,

District,,No. of Banks,,,,,,,,,,,,,,,,,,,,Branches (a),,,,,,,,,,,,,,,,,,,,Other Banking Outlets,,,,,,,,,,,,,,,,,,,,Total Branch & Banking Outlets,,,,,,,,,,,,,,,,,,,
,,2008,2009.0,2010.0,2011.0,2012.0,2013.0,2014.0,2015.0,2016.0,2017.0,2018.0,2019.0,2020.0,2021.0,Q1 2022,Q2 2022,Q3 2022,Q4 2024,Q1 2023,Q2 2023*,2008,2009.0,2010.0,2011.0,2012.0,2013.0,2014.0,2015.0,2016.0,2017.0,2018.0,2019.0,2020.0,2021.0,Q1 2022,Q2 2022,Q3 2022,Q4 2022,Q1 2023,Q2 2023,2008,2009.0,2010.0,2011.0,2012.0,2013.0,2014.0,2015.0,2016.0,2017.0,2018.0,2019.0,2020.0,2021.0,Q1 2022,Q2 2022,Q3 2022,Q4 2022,Q1 2023,Q2 2023*,2008,2009.0,2010.0,2011.0,2012.0,2013.0,2014.0,2015.0,2016.0,2017.0,2018.0,2019.0,2020.0,2021.0,Q1 2022,Q2 2022,Q3 2022,Q4 2022,Q1 2023,Q2 2023*
1,AMPARA,6,8.0,9.0,11.0,12.0,12.0,12.0,12.0,12.0,12.0,12.0,12.0,12.0,11.0,11,11,11,11,11,11,45,52.0,64.0,82.0,88.0,92.0,92.0,93.0,96.0,97.0,100.0,100.0,100.0,99.0,99,99,99,99,99,99,137,145.0,145.0,145.0,146.0,146.0,147.0,147.0,68.0,80.0,104.0,133.0,133.0,133.0,133,133,133,133,139,139,182,197.0,209.0,227.0,234.0,238.0,239.0,240.0,164.0,177.0,204.0,233.0,233.0,232.0,232,232,232,232,238,238
2,ANURADHAPURA,10,10.0,10.0,11.0,11.0,12.0,12.0,12.0,12.0,11.0,11.0,11.0,11.0,12.0,12,13,13,13,13,13,65,71.0,77.0,85.0,87.0,93.0,95.0,99.0,106.0,106.0,106.0,109.0,109.0,110.0,110,110,110,111,110,110,171,186.0,186.0,186.0,188.0,188.0,188.0,188.0,112.0,138.0,235.0,243.0,243.0,241.0,241,241,243,243,243,247,236,257.0,263.0,271.0,275.0,281.0,283.0,287.0,218.0,244.0,341.0,352.0,352.0,351.0,351,351,353,354,353,357
3,BADULLA,10,10.0,10.0,11.0,12.0,13.0,13.0,13.0,13.0,12.0,12.0,12.0,12.0,12.0,12,13,13,13,13,13,70,70.0,75.0,80.0,83.0,88.0,92.0,94.0,94.0,95.0,95.0,95.0,97.0,97.0,97,98,98,99,99,101,128,137.0,137.0,137.0,138.0,138.0,138.0,138.0,131.0,131.0,156.0,163.0,163.0,159.0,159,159,163,163,184,174,198,207.0,212.0,217.0,221.0,226.0,230.0,232.0,225.0,226.0,251.0,258.0,260.0,256.0,256,257,261,262,283,275
4,BATTICOLOA,6,7.0,10.0,13.0,13.0,13.0,13.0,13.0,13.0,13.0,13.0,13.0,13.0,13.0,13,13,13,13,13,13,27,41.0,52.0,63.0,67.0,70.0,73.0,74.0,74.0,74.0,74.0,74.0,75.0,74.0,74,74,74,74,74,74,43,43.0,43.0,43.0,43.0,48.0,52.0,52.0,51.0,47.0,51.0,91.0,91.0,82.0,82,82,91,91,91,91,70,84.0,95.0,106.0,110.0,118.0,125.0,126.0,125.0,121.0,125.0,165.0,166.0,156.0,156,156,165,165,165,165
5,COLOMBO,22,22.0,22.0,24.0,24.0,24.0,25.0,25.0,25.0,25.0,26.0,26.0,24.0,24.0,24,24,24,24,24,24,451,470.0,493.0,539.0,566.0,587.0,612.0,624.0,634.0,635.0,639.0,649.0,647.0,651.0,652,651,651,652,653,652,254,269.0,268.0,268.0,265.0,265.0,265.0,265.0,189.0,194.0,261.0,316.0,316.0,295.0,295,291,316,320,331,330,705,739.0,761.0,807.0,831.0,852.0,877.0,889.0,823.0,829.0,900.0,965.0,963.0,946.0,947,942,967,972,984,982
6,GALLE,11,11.0,11.0,12.0,12.0,12.0,13.0,14.0,15.0,17.0,17.0,17.0,17.0,16.0,16,15,15,15,15,15,80,84.0,92.0,105.0,109.0,115.0,120.0,123.0,127.0,128.0,130.0,130.0,131.0,130.0,129,129,129,129,129,129,173,185.0,185.0,185.0,202.0,202.0,202.0,202.0,155.0,158.0,167.0,210.0,210.0,206.0,206,207,211,210,211,211,253,269.0,277.0,290.0,311.0,317.0,322.0,325.0,282.0,286.0,297.0,340.0,341.0,336.0,335,336,340,339,340,340
7,GAMPAHA,13,13.0,13.0,13.0,13.0,14.0,14.0,13.0,13.0,14.0,14.0,14.0,14.0,14.0,14,14,14,14,14,14,193,203.0,218.0,236.0,247.0,257.0,262.0,266.0,271.0,276.0,278.0,280.0,280.0,280.0,280,281,281,282,282,282,204,204.0,204.0,206.0,209.0,209.0,209.0,209.0,104.0,115.0,200.0,254.0,254.0,244.0,244,244,254,254,253,253,397,407.0,422.0,442.0,456.0,466.0,471.0,475.0,375.0,391.0,478.0,534.0,534.0,524.0,524,525,535,536,535,535
8,HAMBANTOTA,7,8.0,8.0,9.0,10.0,12.0,12.0,12.0,12.0,11.0,11.0,11.0,11.0,11.0,11,11,11,11,11,11,43,51.0,54.0,62.0,68.0,76.0,79.0,80.0,80.0,80.0,80.0,81.0,81.0,81.0,81,81,81,81,81,81,98,98.0,98.0,98.0,98.0,98.0,98.0,98.0,103.0,100.0,101.0,119.0,120.0,120.0,120,120,120,120,120,120,141,149.0,152.0,160.0,166.0,174.0,177.0,178.0,183.0,180.0,181.0,200.0,201.0,201.0,201,201,201,201,201,201
9,JAFFNA,5,7.0,12.0,13.0,13.0,13.0,13.0,13.0,14.0,15.0,15.0,14.0,14.0,14.0,14,14,14,14,14,14,49,68.0,87.0,99.0,112.0,120.0,120.0,124.0,127.0,128.0,127.0,128.0,128.0,128.0,128,128,128,129,129,129,131,141.0,141.0,141.0,141.0,141.0,141.0,141.0,221.0,221.0,341.0,344.0,346.0,346.0,346,346,346,346,346,363,180,209.0,228.0,240.0,253.0,261.0,261.0,265.0,348.0,349.0,468.0,472.0,474.0,474.0,474,474,474,475,475,492
10,KALUTARA,10,11.0,11.0,11.0,12.0,12.0,12.0,12.0,12.0,11.0,11.0,12.0,12.0,12.0,12,12,12,12,12,12,84,87.0,97.0,108.0,115.0,122.0,122.0,122.0,122.0,122.0,123.0,126.0,126.0,126.0,126,126,127,127,127,127,81,81.0,81.0,81.0,81.0,81.0,81.0,80.0,62.0,63.0,82.0,92.0,92.0,90.0,90,88,92,94,108,108,165,168.0,178.0,189.0,196.0,203.0,203.0,202.0,184.0,185.0,205.0,218.0,218.0,216.0,216,214,219,221,235,235
11,KANDY,13,14.0,14.0,15.0,15.0,15.0,15.0,15.0,16.0,17.0,17.0,16.0,16.0,16.0,16,16,16,16,16,16,117,122.0,127.0,145.0,159.0,167.0,175.0,179.0,185.0,186.0,188.0,190.0,190.0,192.0,192,192,192,191,191,191,178,190.0,190.0,190.0,206.0,206.0,207.0,207.0,230.0,230.0,243.0,241.0,241.0,227.0,227,228,242,242,242,242,295,312.0,317.0,335.0,365.0,373.0,382.0,386.0,415.0,416.0,431.0,431.0,431.0,419.0,419,420,434,433,433,433
12,KEGALLE,9,10.0,10.0,10.0,10.0,10.0,11.0,12.0,12.0,12.0,12.0,12.0,12.0,12.0,12,12,12,12,12,12,61,63.0,70.0,75.0,79.0,81.0,82.0,84.0,86.0,88.0,87.0,87.0,90.0,87.0,87,87,87,87,87,87,112,122.0,122.0,122.0,122.0,122.0,122.0,122.0,95.0,93.0,113.0,134.0,134.0,131.0,131,131,134,134,134,134,173,185.0,192.0,197.0,201.0,203.0,204.0,206.0,181.0,181.0,200.0,221.0,224.0,218.0,218,218,221,221,221,221
13,KILINOCHCHI,2,2.0,6.0,7.0,8.0,8.0,8.0,8.0,8.0,8.0,8.0,8.0,8.0,8.0,8,8,8,8,8,8,4,4.0,7.0,16.0,18.0,18.0,18.0,18.0,19.0,19.0,19.0,19.0,19.0,19.0,19,19,19,19,19,20,10,10.0,10.0,10.0,10.0,10.0,10.0,10.0,4.0,4.0,8.0,9.0,9.0,9.0,9,9,9,9,9,11,14,14.0,17.0,26.0,28.0,28.0,28.0,28.0,23.0,23.0,27.0,28.0,28.0,28.0,28,28,28,28,28,31
14,KURUNEGALA,13,13.0,13.0,14.0,14.0,14.0,14.0,14.0,15.0,13.0,13.0,13.0,13.0,13.0,13,13,13,13,13,13,112,114.0,122.0,137.0,141.0,145.0,152.0,154.0,157.0,157.0,161.0,162.0,163.0,163.0,163,163,163,163,163,164,168,181.0,181.0,181.0,181.0,181.0,181.0,181.0,234.0,245.0,280.0,352.0,352.0,349.0,349,349,352,352,352,351,280,295.0,303.0,318.0,322.0,326.0,333.0,335.0,391.0,402.0,441.0,514.0,515.0,512.0,512,512,515,515,515,515
15,MANNER,3,5.0,6.0,6.0,6.0,6.0,6.0,6.0,6.0,7.0,7.0,7.0,7.0,7.0,7,7,7,7,7,7,8,13.0,16.0,18.0,18.0,18.0,18.0,19.0,19.0,19.0,19.0,19.0,19.0,19.0,19,19,19,19,19,19,15,15.0,15.0,15.0,15.0,15.0,15.0,15.0,8.0,9.0,19.0,19.0,19.0,19.0,19,19,19,19,19,20,23,28.0,31.0,33.0,33.0,33.0,33.0,34.0,27.0,28.0,38.0,38.0,38.0,38.0,38,38,38,38,38,39
16,MATALE,8,8.0,9.0,9.0,9.0,10.0,10.0,12.0,12.0,11.0,11.0,11.0,12.0,12.0,12,12,12,12,12,12,41,42.0,46.0,50.0,54.0,55.0,55.0,56.0,56.0,56.0,57.0,58.0,59.0,59.0,59,59,59,59,59,59,99,99.0,99.0,99.0,114.0,114.0,114.0,114.0,114.0,116.0,93.0,94.0,94.0,90.0,90,90,94,94,94,94,140,141.0,145.0,149.0,168.0,169.0,169.0,170.0,170.0,172.0,150.0,152.0,153.0,149.0,149,149,153,153,153,153
17,MATARA,12,12.0,12.0,12.0,12.0,12.0,12.0,12.0,13.0,12.0,12.0,12.0,12.0,12.0,12,12,12,12,12,12,67,75.0,77.0,84.0,90.0,94.0,98.0,100.0,102.0,103.0,104.0,104.0,104.0,104.0,104,104,105,105,105,105,120,120.0,120.0,120.0,121.0,121.0,121.0,121.0,91.0,93.0,95.0,111.0,111.0,108.0,108,108,111,111,111,111,187,195.0,197.0,204.0,211.0,215.0,219.0,221.0,193.0,196.0,199.0,215.0,215.0,212.0,212,212,216,216,216,216
18,MONARAGALA,7,7.0,8.0,8.0,8.0,9.0,10.0,11.0,12.0,12.0,12.0,12.0,12.0,12.0,12,12,12,12,12,12,36,36.0,44.0,50.0,51.0,54.0,55.0,56.0,56.0,56.0,56.0,58.0,58.0,58.0,59,59,59,59,59,59,70,70.0,70.0,70.0,70.0,70.0,70.0,70.0,109.0,112.0,125.0,119.0,119.0,119.0,119,119,119,119,122,132,106,106.0,114.0,120.0,121.0,124.0,125.0,126.0,165.0,168.0,181.0,177.0,177.0,177.0,178,178,178,178,181,191
19,MULATIVU,2,2.0,2.0,5.0,6.0,6.0,6.0,6.0,6.0,6.0,6.0,6.0,6.0,6.0,6,6,6,6,6,6,5,5.0,6.0,15.0,20.0,22.0,22.0,22.0,22.0,22.0,22.0,22.0,22.0,22.0,22,22,22,22,22,22,7,7.0,7.0,7.0,7.0,7.0,7.0,7.0,2.0,2.0,21.0,21.0,21.0,21.0,21,21,21,21,21,27,12,12.0,13.0,22.0,27.0,29.0,29.0,29.0,24.0,24.0,43.0,43.0,43.0,43.0,43,43,43,43,43,49
20,NUWARA ELIYA,7,8.0,8.0,8.0,8.0,9.0,9.0,9.0,10.0,11.0,11.0,11.0,11.0,11.0,11,11,11,11,11,11,53,55.0,58.0,61.0,64.0,66.0,67.0,70.0,71.0,68.0,68.0,68.0,68.0,68.0,68,68,68,68,68,68,82,82.0,82.0,83.0,95.0,95.0,96.0,96.0,99.0,99.0,98.0,99.0,99.0,93.0,93,93,99,99,100,100,135,137.0,140.0,144.0,159.0,161.0,163.0,166.0,170.0,167.0,166.0,167.0,167.0,161.0,161,161,167,167,168,168
21,POLONNARUWA,8,8.0,8.0,9.0,10.0,11.0,11.0,11.0,11.0,12.0,12.0,12.0,12.0,12.0,12,12,12,12,12,12,33,35.0,40.0,45.0,49.0,50.0,50.0,50.0,52.0,53.0,53.0,54.0,55.0,55.0,55,55,55,55,55,55,90,90.0,90.0,90.0,90.0,90.0,90.0,90.0,67.0,70.0,122.0,132.0,133.0,131.0,131,131,133,133,133,137,123,125.0,130.0,135.0,139.0,140.0,140.0,140.0,119.0,123.0,175.0,186.0,188.0,186.0,186,186,188,188,188,192
22,PUTTALAM,10,11.0,11.0,12.0,12.0,13.0,13.0,13.0,13.0,12.0,13.0,13.0,13.0,13.0,13,13,13,13,13,13,62,66.0,75.0,84.0,91.0,93.0,93.0,95.0,97.0,98.0,100.0,102.0,102.0,102.0,102,102,102,102,103,103,83,83.0,83.0,83.0,83.0,83.0,83.0,83.0,76.0,78.0,104.0,108.0,108.0,108.0,108,108,108,108,108,108,145,149.0,158.0,167.0,174.0,176.0,176.0,178.0,173.0,176.0,204.0,210.0,210.0,210.0,210,210,210,210,211,211
23,RATNAPURA,10,10.0,10.0,11.0,11.0,12.0,12.0,13.0,13.0,12.0,13.0,13.0,13.0,13.0,13,13,13,13,13,13,77,79.0,90.0,96.0,100.0,106.0,107.0,110.0,111.0,112.0,113.0,114.0,114.0,114.0,114,114,114,114,114,114,147,147.0,147.0,148.0,148.0,148.0,148.0,148.0,115.0,115.0,141.0,197.0,197.0,195.0,195,195,197,197,197,197,224,226.0,237.0,244.0,248.0,254.0,255.0,258.0,226.0,227.0,254.0,311.0,311.0,309.0,309,309,311,311,311,311
24,TRINCOMALEE,6,7.0,8.0,8.0,9.0,10.0,10.0,12.0,12.0,12.0,12.0,12.0,12.0,12.0,12,12,12,12,12,12,25,32.0,35.0,48.0,52.0,53.0,54.0,54.0,54.0,54.0,54.0,54.0,54.0,54.0,54,54,54,54,54,55,57,57.0,57.0,57.0,57.0,60.0,60.0,60.0,94.0,97.0,94.0,111.0,111.0,108.0,108,108,111,111,111,111,82,89.0,92.0,105.0,109.0,113.0,114.0,114.0,148.0,151.0,148.0,165.0,165.0,162.0,162,162,165,165,165,166
25,VAVUNIYA,6,7.0,9.0,10.0,10.0,10.0,10.0,10.0,11.0,12.0,12.0,12.0,12.0,12.0,12,12,12,12,12,12,7,12.0,15.0,21.0,23.0,24.0,24.0,25.0,25.0,25.0,25.0,25.0,25.0,25.0,25,25,25,25,25,25,26,26.0,26.0,26.0,26.0,26.0,26.0,26.0,22.0,29.0,55.0,71.0,71.0,71.0,71,71,71,71,71,71,33,38.0,41.0,47.0,49.0,50.0,50.0,51.0,47.0,54.0,80.0,96.0,96.0,96.0,96,96,96,96,96,96
Total,,,,,,,,,,,,,,,,,,,,,,1815,1950.0,2137.0,2404.0,2551.0,2666.0,2737.0,2791.0,2843.0,2857.0,2878.0,2908.0,2916.0,2917.0,2918,2919,2921,2925,2926,2930,2684,2788.0,2787.0,2791.0,2856.0,2864.0,2871.0,2870.0,2556.0,2639.0,3309.0,3783.0,3787.0,3695.0,3695,3691,3789,3794,3850,3882,4499,4738.0,4924.0,5195.0,5407.0,5530.0,5608.0,5661.0,5399.0,5496.0,6187.0,6691.0,6703.0,6612.0,6613,6610,6710,6719,6776,6812

,(a) Banking Outlets except Student Savings Units and Mobile Banking Units,,,,,,,,,,,,,,,,,,,,,,,,,,,,,,,,,,,,,,,,,,,,,,,,,,,,,,,,,,,,,,,,,,,,,,,,,,,,,,,,
,* Provisional Data,,,,,,,,,,,,,,,,,,,,,,,,,,,,,,,,,,,,,,,,,,,,,,,,,,,,,,,,,,,,,,,,,,,,,,,,,,,,,,,,

<new sheet>
sheet_name: LSB
Bank and Branch Network of Licensed Specialised Banks by District,,,,,,,,,,,,,,,,,,,,,,,,,,,,,,,,,,,,,,,,,,,,,,,,,,,,,,,,,,,,,,,,,,,,,,,,,,,,,,,,,

District,,No. of Banks,,,,,,,,,,,,,,,,,,,,Branches (a),,,,,,,,,,,,,,,,,,,,Other Banking Outlets ,,,,,,,,,,,,,,,,,,,,Total Banking Outlets,,,,,,,,,,,,,,,,,,,
,,2008,2009.0,2010.0,2011.0,2012.0,2013.0,2014.0,2015.0,2016.0,2017.0,2018.0,2019.0,2020.0,2021.0,Q1 2022,Q2 2022,Q3 2022,Q4 2022,Q1 2023,Q2 2023*,2008,2009.0,2010.0,2011.0,2012.0,2013.0,2014.0,2015.0,2016.0,2017.0,2018.0,2019.0,2020.0,2021.0,Q1 2022,Q2 2022,Q3 2022,Q4 2022,Q1 2023,Q2 2023*,2008,2009.0,2010.0,2011.0,2012.0,2013.0,2014.0,2015.0,2016.0,2017.0,2018.0,2019.0,2020.0,2021.0,Q1 2022,Q2 2022,Q3 2022,Q4 2022,Q1 2023,Q2 2023*,2008,2009.0,2010.0,2011.0,2012.0,2013.0,2014.0,2015.0,2016.0,2017.0,2018.0,2019.0,2020.0,2021.0,Q1 2022,Q2 2022,Q3 2022,Q4 2022,Q1 2023,Q2 2023*
1,AMPARA,4,5.0,5.0,5.0,5.0,5.0,5.0,4.0,4.0,5.0,5.0,5.0,5.0,5.0,5,5,5,5,5,5,17,17.0,22.0,25.0,25.0,26.0,26.0,27.0,28.0,28.0,28.0,28.0,28.0,28.0,28,28,28,28,28,28,12,12.0,12.0,12.0,12.0,12.0,12.0,12.0,0.0,0.0,0.0,0.0,0.0,0.0,0,0,0,0,0,0,32,33.0,36.0,37.0,37.0,37.0,37.0,39.0,28.0,28.0,28.0,28.0,28.0,28.0,28,28,28,28,28,28
2,ANURADHAPURA,5,6.0,6.0,6.0,6.0,7.0,8.0,6.0,6.0,6.0,6.0,6.0,6.0,6.0,6,6,6,6,6,6,22,24.0,28.0,32.0,32.0,35.0,35.0,37.0,37.0,37.0,37.0,37.0,37.0,37.0,37,37,37,37,37,37,12,12.0,12.0,12.0,12.0,12.0,12.0,12.0,0.0,0.0,0.0,0.0,0.0,0.0,0,0,0,0,0,0,36,38.0,44.0,45.0,45.0,47.0,48.0,49.0,37.0,37.0,37.0,37.0,37.0,37.0,37,37,37,37,37,37
3,BADULLA,4,5.0,5.0,5.0,5.0,5.0,6.0,5.0,5.0,5.0,5.0,5.0,5.0,5.0,5,5,5,5,5,5,20,22.0,22.0,24.0,24.0,25.0,25.0,25.0,25.0,26.0,26.0,26.0,26.0,26.0,26,26,26,26,26,26,9,9.0,9.0,9.0,9.0,9.0,9.0,9.0,0.0,0.0,0.0,0.0,0.0,0.0,0,0,0,0,0,0,32,34.0,34.0,35.0,35.0,35.0,36.0,34.0,25.0,26.0,26.0,26.0,26.0,26.0,26,26,26,26,26,26
4,BATTICOLOA,3,5.0,6.0,7.0,7.0,7.0,7.0,6.0,6.0,6.0,6.0,5.0,5.0,5.0,5,5,5,5,5,5,6,7.0,12.0,16.0,18.0,20.0,19.0,20.0,20.0,20.0,20.0,20.0,20.0,20.0,20,20,20,20,20,20,0,0.0,0.0,0.0,0.0,0.0,0.0,0.0,0.0,0.0,0.0,0.0,0.0,0.0,0,0,0,0,0,0,5,7.0,12.0,17.0,19.0,19.0,19.0,20.0,20.0,20.0,20.0,20.0,20.0,20.0,20,20,20,20,20,20
5,COLOMBO,9,9.0,9.0,9.0,9.0,9.0,9.0,7.0,7.0,7.0,7.0,6.0,6.0,6.0,6,6,6,6,6,6,50,57.0,61.0,63.0,64.0,65.0,61.0,64.0,65.0,67.0,68.0,68.0,68.0,68.0,68,68,68,68,68,68,19,19.0,19.0,19.0,19.0,19.0,19.0,19.0,6.0,6.0,0.0,0.0,0.0,0.0,0,0,0,0,0,0,84,89.0,92.0,97.0,97.0,97.0,97.0,83.0,71.0,73.0,68.0,68.0,68.0,68.0,68,68,68,68,68,68
6,GALLE,6,6.0,6.0,6.0,7.0,7.0,7.0,5.0,5.0,5.0,5.0,5.0,5.0,5.0,5,5,5,5,5,5,31,33.0,38.0,39.0,39.0,39.0,39.0,40.0,41.0,41.0,41.0,41.0,42.0,43.0,43,43,43,43,43,43,7,7.0,7.0,7.0,7.0,7.0,7.0,7.0,0.0,0.0,0.0,0.0,0.0,0.0,0,0,0,0,0,0,40,43.0,48.0,48.0,48.0,48.0,49.0,47.0,41.0,41.0,41.0,41.0,42.0,43.0,43,43,43,43,43,43
7,GAMPAHA,6,6.0,7.0,7.0,7.0,7.0,7.0,5.0,5.0,5.0,5.0,5.0,5.0,5.0,5,5,5,5,5,5,34,36.0,39.0,42.0,44.0,45.0,45.0,49.0,50.0,50.0,50.0,51.0,52.0,52.0,52,52,52,52,52,52,27,27.0,27.0,27.0,27.0,27.0,27.0,27.0,5.0,5.0,0.0,0.0,0.0,0.0,0,0,0,0,0,0,66,68.0,71.0,71.0,71.0,72.0,73.0,76.0,55.0,55.0,50.0,51.0,52.0,52.0,52,52,52,52,52,52
8,HAMBANTOTA,6,6.0,6.0,6.0,6.0,6.0,6.0,6.0,6.0,6.0,6.0,5.0,5.0,5.0,5,5,5,5,5,5,22,26.0,29.0,31.0,32.0,33.0,32.0,32.0,32.0,34.0,34.0,34.0,35.0,35.0,35,35,35,35,35,35,7,7.0,7.0,7.0,7.0,7.0,7.0,7.0,0.0,0.0,0.0,0.0,0.0,0.0,0,0,0,0,0,0,28,33.0,35.0,35.0,36.0,36.0,36.0,39.0,32.0,34.0,34.0,34.0,35.0,35.0,35,35,35,35,35,35
9,JAFFNA,1,1.0,4.0,4.0,6.0,6.0,6.0,5.0,5.0,5.0,5.0,5.0,5.0,5.0,5,5,5,5,5,5,7,9.0,14.0,14.0,17.0,17.0,17.0,18.0,21.0,21.0,21.0,21.0,21.0,21.0,21,21,21,21,21,21,0,0.0,0.0,0.0,0.0,0.0,0.0,0.0,2.0,2.0,0.0,0.0,0.0,0.0,0,0,0,0,0,0,14,16.0,22.0,22.0,25.0,25.0,25.0,18.0,23.0,23.0,21.0,21.0,21.0,21.0,21,21,21,21,21,21
10,KALUTARA,6,6.0,6.0,6.0,7.0,7.0,7.0,5.0,5.0,5.0,5.0,5.0,5.0,5.0,5,5,5,5,5,5,31,34.0,35.0,37.0,37.0,38.0,38.0,38.0,38.0,38.0,39.0,39.0,39.0,39.0,39,39,39,39,39,39,7,7.0,7.0,7.0,7.0,7.0,7.0,7.0,6.0,6.0,0.0,0.0,0.0,0.0,0,0,0,0,0,0,39,41.0,42.0,42.0,42.0,42.0,42.0,45.0,44.0,44.0,39.0,39.0,39.0,39.0,39,39,39,39,39,39
11,KANDY,7,7.0,8.0,8.0,7.0,7.0,7.0,6.0,6.0,6.0,6.0,5.0,5.0,5.0,5,5,5,5,5,5,30,32.0,35.0,39.0,39.0,41.0,41.0,41.0,42.0,43.0,43.0,43.0,43.0,43.0,43,43,43,43,43,43,0,0.0,0.0,0.0,0.0,0.0,0.0,0.0,3.0,3.0,0.0,0.0,0.0,0.0,0,0,0,0,0,0,29,30.0,33.0,35.0,35.0,35.0,35.0,41.0,45.0,46.0,43.0,43.0,43.0,43.0,43,43,43,43,43,43
12,KEGALLE,6,6.0,6.0,6.0,6.0,6.0,6.0,6.0,6.0,6.0,6.0,5.0,5.0,5.0,5,5,5,5,5,5,29,30.0,34.0,35.0,35.0,35.0,35.0,35.0,35.0,35.0,35.0,35.0,35.0,35.0,35,35,35,35,35,35,6,6.0,6.0,6.0,6.0,6.0,6.0,6.0,0.0,0.0,0.0,0.0,0.0,0.0,0,0,0,0,0,0,37,37.0,41.0,41.0,41.0,41.0,41.0,41.0,35.0,35.0,35.0,35.0,35.0,35.0,35,35,35,35,35,35
13,KILINOCHCHI,1,1.0,2.0,2.0,2.0,2.0,2.0,2.0,2.0,3.0,3.0,3.0,3.0,3.0,3,3,3,3,3,3,1,1.0,2.0,2.0,3.0,3.0,3.0,3.0,3.0,3.0,3.0,3.0,3.0,3.0,3,3,3,3,3,3,0,0.0,0.0,0.0,0.0,0.0,0.0,0.0,0.0,0.0,0.0,0.0,0.0,0.0,0,0,0,0,0,0,1,1.0,2.0,2.0,2.0,2.0,2.0,3.0,3.0,3.0,3.0,3.0,3.0,3.0,3,3,3,3,3,3
14,KURUNEGALA,6,6.0,6.0,6.0,7.0,7.0,7.0,5.0,5.0,5.0,5.0,5.0,5.0,5.0,5,5,5,5,5,5,30,35.0,38.0,43.0,46.0,49.0,49.0,50.0,51.0,51.0,52.0,52.0,52.0,52.0,53,53,53,53,53,53,12,12.0,12.0,12.0,12.0,12.0,12.0,12.0,2.0,2.0,0.0,0.0,0.0,0.0,0,0,0,0,0,0,44,45.0,47.0,51.0,52.0,52.0,53.0,62.0,53.0,53.0,52.0,52.0,52.0,52.0,53,53,53,53,53,53
15,MANNER,1,2.0,2.0,2.0,3.0,4.0,4.0,4.0,4.0,4.0,4.0,4.0,4.0,4.0,4,4,4,4,4,4,1,2.0,2.0,2.0,4.0,5.0,5.0,5.0,5.0,6.0,6.0,6.0,6.0,6.0,6,6,6,6,6,6,4,4.0,4.0,4.0,4.0,4.0,4.0,4.0,0.0,0.0,0.0,0.0,0.0,0.0,0,0,0,0,0,0,5,6.0,6.0,6.0,7.0,8.0,8.0,9.0,5.0,6.0,6.0,6.0,6.0,6.0,6,6,6,6,6,6
16,MATALE,4,4.0,4.0,4.0,4.0,4.0,5.0,5.0,5.0,5.0,5.0,5.0,5.0,5.0,5,5,5,5,5,5,12,12.0,12.0,13.0,14.0,14.0,15.0,15.0,15.0,16.0,17.0,17.0,17.0,17.0,17,17,17,17,17,17,0,0.0,0.0,0.0,0.0,0.0,0.0,0.0,0.0,0.0,0.0,0.0,0.0,0.0,0,0,0,0,0,0,12,12.0,12.0,13.0,14.0,14.0,15.0,15.0,15.0,16.0,17.0,17.0,17.0,17.0,17,17,17,17,17,17
17,MATARA,6,6.0,6.0,6.0,6.0,7.0,7.0,6.0,6.0,6.0,6.0,6.0,6.0,6.0,6,6,6,6,6,6,31,34.0,35.0,35.0,36.0,37.0,37.0,38.0,39.0,39.0,40.0,40.0,40.0,40.0,40,40,40,40,40,40,9,9.0,9.0,9.0,9.0,9.0,9.0,9.0,4.0,4.0,0.0,0.0,0.0,0.0,0,0,0,0,0,0,42,44.0,44.0,44.0,45.0,46.0,46.0,47.0,43.0,43.0,40.0,40.0,40.0,40.0,40,40,40,40,40,40
18,MONARAGALA,4,4.0,4.0,4.0,4.0,4.0,4.0,4.0,4.0,5.0,5.0,5.0,5.0,5.0,5,5,5,5,5,5,11,13.0,17.0,18.0,18.0,19.0,20.0,20.0,21.0,21.0,21.0,21.0,22.0,22.0,22,22,22,22,22,22,0,0.0,0.0,0.0,0.0,0.0,0.0,0.0,0.0,0.0,0.0,0.0,0.0,0.0,0,0,0,0,0,0,11,12.0,16.0,17.0,17.0,17.0,17.0,20.0,21.0,21.0,21.0,21.0,22.0,22.0,22,22,22,22,22,22
19,MULATIVU,0,0.0,0.0,0.0,0.0,0.0,0.0,0.0,0.0,1.0,1.0,1.0,1.0,1.0,1,1,1,1,1,1,0,0.0,0.0,0.0,1.0,1.0,2.0,2.0,2.0,2.0,2.0,2.0,2.0,2.0,2,2,2,2,2,2,0,0.0,0.0,0.0,0.0,0.0,0.0,0.0,0.0,0.0,0.0,0.0,0.0,0.0,0,0,0,0,0,0,0,0.0,0.0,0.0,0.0,0.0,0.0,2.0,2.0,2.0,2.0,2.0,2.0,2.0,2,2,2,2,2,2
20,NUWARA ELIYA,4,4.0,4.0,4.0,4.0,4.0,5.0,5.0,5.0,5.0,5.0,5.0,5.0,5.0,5,5,5,5,5,5,13,13.0,15.0,15.0,15.0,17.0,18.0,19.0,19.0,19.0,19.0,19.0,19.0,19.0,19,19,19,19,19,19,6,6.0,6.0,6.0,6.0,6.0,6.0,6.0,0.0,0.0,0.0,0.0,0.0,0.0,0,0,0,0,0,0,20,20.0,22.0,22.0,22.0,22.0,23.0,25.0,19.0,19.0,19.0,19.0,19.0,19.0,19,19,19,19,19,19
21,POLONNARUWA,5,5.0,5.0,5.0,5.0,6.0,6.0,6.0,6.0,6.0,6.0,5.0,5.0,5.0,5,5,5,5,5,5,14,15.0,16.0,16.0,17.0,18.0,18.0,19.0,19.0,19.0,19.0,19.0,19.0,19.0,19,19,19,19,19,19,7,7.0,7.0,7.0,7.0,7.0,7.0,7.0,0.0,0.0,0.0,0.0,0.0,0.0,0,0,0,0,0,0,22,23.0,25.0,25.0,25.0,26.0,26.0,26.0,19.0,19.0,19.0,19.0,19.0,19.0,19,19,19,19,19,19
22,PUTTALAM,6,6.0,7.0,7.0,6.0,6.0,6.0,6.0,6.0,6.0,6.0,5.0,5.0,5.0,5,5,5,5,5,5,21,21.0,23.0,24.0,24.0,24.0,26.0,26.0,26.0,26.0,26.0,26.0,26.0,26.0,26,26,26,26,26,26,30,30.0,30.0,30.0,30.0,30.0,30.0,30.0,0.0,0.0,0.0,0.0,0.0,0.0,0,0,0,0,0,0,51,51.0,52.0,52.0,52.0,52.0,52.0,56.0,26.0,26.0,26.0,26.0,26.0,26.0,26,26,26,26,26,26
23,RATNAPURA,5,5.0,5.0,5.0,6.0,6.0,6.0,4.0,4.0,5.0,5.0,5.0,5.0,5.0,5,5,5,5,5,5,22,25.0,29.0,30.0,32.0,33.0,34.0,34.0,35.0,35.0,35.0,35.0,35.0,35.0,35,35,35,35,35,35,1,1.0,1.0,1.0,1.0,1.0,1.0,1.0,0.0,0.0,0.0,0.0,0.0,0.0,0,0,0,0,0,0,26,27.0,31.0,31.0,33.0,33.0,33.0,35.0,35.0,35.0,35.0,35.0,35.0,35.0,35,35,35,35,35,35
24,TRINCOMALEE,2,2.0,4.0,5.0,5.0,5.0,5.0,4.0,4.0,5.0,5.0,4.0,4.0,4.0,4,4,4,4,4,4,3,4.0,6.0,8.0,9.0,11.0,10.0,10.0,10.0,10.0,10.0,10.0,10.0,10.0,10,10,10,10,10,10,0,0.0,0.0,0.0,0.0,0.0,0.0,0.0,0.0,0.0,0.0,0.0,0.0,0.0,0,0,0,0,0,0,2,2.0,5.0,6.0,6.0,6.0,6.0,10.0,10.0,10.0,10.0,10.0,10.0,10.0,10,10,10,10,10,10
25,VAVUNIYA,2,2.0,3.0,5.0,5.0,6.0,6.0,5.0,5.0,5.0,5.0,5.0,5.0,5.0,5,5,5,5,5,5,3,3.0,4.0,5.0,7.0,8.0,7.0,7.0,7.0,7.0,7.0,7.0,7.0,7.0,7,7,7,7,7,7,0,0.0,0.0,0.0,0.0,0.0,0.0,0.0,0.0,0.0,0.0,0.0,0.0,0.0,0,0,0,0,0,0,2,2.0,3.0,5.0,6.0,8.0,8.0,7.0,7.0,7.0,7.0,7.0,7.0,7.0,7,7,7,7,7,7
Total,,,,,,,,,,,,,,,,,,,,,,461,505.0,568.0,608.0,632.0,658.0,657.0,674.0,686.0,694.0,699.0,700.0,704.0,705.0,706,706,706,706,706,706,175,175.0,175.0,175.0,175.0,175.0,175.0,175.0,28.0,28.0,0.0,0.0,0.0,0.0,0,0,0,0,0,0,680,714.0,775.0,799.0,812.0,820.0,827.0,849.0,714.0,722.0,699.0,700.0,704.0,705.0,706,706,706,706,706,706

Note: DFCC Bank (LSB) and DFCC Vardhana Bank PLC (LCB) amulgamated on 01.10.2015 and DFCC Bank PLC (LCB) was established.,,,,,,,,,,,,,,,,,,,,,,,,,,,,,,,,,,,,,,,,,,,,,,,,,,,,,,,,,,,,,,,,,,,,,,,,,,,,,,,,,
,(a) Banking Outlets except Student Savings Units and Mobile Banking Units,,,,,,,,,,,,,,,,,,,,,,,,,,,,,,,,,,,,,,,,,,,,,,,,,,,,,,,,,,,,,,,,,,,,,,,,,,,,,,,,
,* Provisional Data,,,,,,,,,,,,,,,,,,,,,,,,,,,,,,,,,,,,,,,,,,,,,,,,,,,,,,,,,,,,,,,,,,,,,,,,,,,,,,,,

