<new sheet>
sheet_name: 1.04 (II)
ISIC 2dig.,Description (c) ,Jan,Feb,Mar,Apr,May,Jun,Jul,Aug,Sep,Oct,Nov,Dec,Jan,Feb,Mar,Apr,May,Jun,Jul,Aug,Sep,Oct,Nov,Dec,Jan,Feb,Mar,Apr,May,Jun,Jul,Aug,Sep,Oct,Nov,Dec,Jan,Feb,Mar,Apr,May,Jun,Jul,Aug,Sep,Oct,Nov,Dec,Jan,Feb,Mar,Apr,May,Jun,Jul,Aug,Sep,Oct,Nov,Dec,Jan,Feb,Mar,Apr,May,Jun,Jul,Aug,Sep,Oct,Nov,Dec,Jan,Feb,Mar,Apr,May,Jun,Jul,Aug,Sep,Oct,Nov,Dec,Jan,Feb,Mar,Apr,May,Jun,Jul

10,Manufacture of food products (35.2%),101.09460465247955,100.95522652120445,102.55124809208773,102.13,102.78572899256784,102.4217744246767,101.81377528521661,103.31959834110019,100.45985550614121,100.23722249911155,101.58978855325635,101.06924122776717,103.6981554065541,102.86223539243619,109.32567639893102,102.23520902037728,100.2434561153122,101.86400371550903,103.5428335760497,109.66612377908676,107.59347769016894,104.61947354236676,105.25270161259176,109.5535016818142,107.2935926845776,106.60865903233201,114.28225236617106,103.6991203353373,103.118577084271,102.66627232379962,104.44297621143095,109.07968351803031,105.0678907110897,104.37493509086737,102.39402552035621,109.66745169364359,104.1,96.5,114.5,93.4,108.9,102.5,103.3,110.5,107.1,108.5,105,112.8,112.8,105.4,105,97.1,114.4,106.2,117.8,107,106.6,114.6,109.5,113,100.5,100.4,126.3,103.3,92.8,112.3,116.2,106.5,107.3,120.1,110.9,114.7,104.8,94,102.9,90.5,89.8,98,88.4,93.7,89.1,92.5,83.3,90.1,84.4,87.3,101.4,89.8,91.1,87.3,95.1

11,Manufacture of beverages (3.8%),91.2902043810755,94.82215911223864,114.11061143073906,101.14398735679929,93.40967404159254,105.98449234209295,102.75741893036816,104.5592710525271,105.6375358829362,117.24464871027136,111.40094082263461,101.39735341715974,101.8641092844141,93.13215151182422,99.13087806244954,91.89601316002242,88.07762044282903,96.24845211539336,91.80455474487863,87.36392901602011,90.99168529105246,84.66033864042325,85.13267537704098,88.15266243646184,98.12624230596147,100.68327871398049,115.57625040294856,94.89041982733227,91.25942716107664,104.624609536586,83.67605344764709,102.64907468295523,101.00278576286496,107.83358396207537,97.19134793545582,100.50479128743581,105.3,99.3,115.7,111.3,103.4,102.8,93.6,102.1,101.2,102.1,98.8,105.7,108.4,106.2,78.8,26.3,53.6,112,123.9,109.9,115.2,94.4,108.7,120.9,104.1,115.3,145.6,126.1,91.8,52.1,119.3,95.2,68.2,110.9,125.8,117.1,124.2,139.1,163.1,126.4,127.6,123,130,129.6,115.1,97.9,134.7,119.6,100.8,108.8,141.7,118.1,115,121.3,99.7

12,Manufacture of tobacco products (1.7%),97.46061359093014,101.63081245820342,111.78644079567361,86.69276601531651,105.81797527262435,114.6324805374507,114.84544453333916,113.11147310456593,115.45916334240611,108.0407594245838,103.30809111681405,88.68680635408627,106.45213564413328,95.56534022329468,100.54126508541536,79.15059601239726,99.40683600434893,112.64672297856944,111.34762875202733,122.59073203075317,117.18157173097099,119.6054242362313,120.4575462199681,91.13717102811299,108.6005447557079,73.55618322125991,101.26235566959487,75.96877492357311,97.27775919035138,93.06639495874181,94.06034064466174,92.47709089182217,90.22858383018672,109.69509212903614,103.76352502287523,72.06367838676998,87.3,84,94.8,52.5,86.7,83.3,84,84.4,80,92.6,78.4,64.5,69.1,66.8,54.1,26.2,77.5,91.5,88.8,87.7,100.6,60.1,76.2,66.9,76.9,69.9,94.7,66.1,61.7,52.9,92.4,85,94,86.1,78.7,76.4,87.6,62.5,100.4,68.1,95.2,100.4,71.6,84.7,82.2,75.4,93.5,76.5,73.6,83.6,79.1,65.4,88.6,98.6,75.9

13,Manufacture of textiles (3.3%),102.50186446414631,90.25230742319297,114.0267566361552,99.23941924320772,104.26363952266222,105.25757550966507,108.81591280953147,103.56444219340568,105.95176369550477,106.74087844458317,103.8943305377864,103.44727107880914,103.24601226459104,93.50438833094334,115.65271799829225,99.38799966432148,105.22780076573655,107.56345394213736,110.72294643615838,105.09416868313524,110.48637645634048,115.3951590484598,116.38077063002119,94.56549297657948,87.74536296261437,88.2007995548585,113.40323362287334,90.06978675994085,110.11080604219354,124.32580266291664,125.89050088286973,116.11487079730188,126.58497248077116,126.90362320735487,122.92334137086642,90.6924859009502,94.8,103.6,115.6,83.7,104.7,116.1,124.7,124,109.2,115.7,125.1,82.7,108.1,82,46.1,13.1,85.6,129.5,134.1,127,139.6,121,128.2,112.4,142.3,114.3,135.5,97.8,136.2,144.3,140.4,137.7,127.3,132.6,132.1,104.1,110.3,122.9,128.2,87.8,111.2,113.9,121.7,95.1,101.2,102.5,57.8,65.3,66.1,80.9,119.4,81.3,90.4,111.5,99.7

14,Manufacture of wearing apparel (19.8%),105.82411209415767,107.31439761000384,106.41293914875027,94.94120997270393,109.04624763840731,114.1123010890976,106.1207111398767,101.55136249486925,103.74508888237435,106.24877753181083,106.00942988194684,107.01553575473979,111.47644934974707,110.7373066401539,112.64582241782584,95.98025606448371,110.29279343185303,117.81756073216256,109.43470285353996,109.81149097880028,107.20818549304735,112.70533834092913,114.83223316394438,115.40482167692596,114.34916989632273,119.40560932501923,121.18119344668104,101.99258407665045,114.16235586649286,113.57601716887498,110.06814449666933,115.66028129898187,111.13464816922107,121.9891091544962,119.20442543705025,117.93009653691536,119.4,116.1,124,110.2,117.2,116.8,113.3,116.8,114,127.9,121.2,109.4,103.4,101.2,70.6,11.4,48.4,71.5,93.8,78.2,92.1,99.1,103.5,100.6,108.9,102.1,131.2,73.4,68.2,75.6,87.7,95.4,92.4,100.7,106,102.6,102,98.5,110.8,97,109.6,101.5,103,98.7,96.7,100.9,96.5,90.2,96.1,79.3,74,67.4,88.8,91.8,88.3

15,Manufacture of leather and related products (0.3%),100.3192876102871,100.74276749307333,102.7227596050017,91.7,105.5,107.2,103.6,107.6,111,114.95201550944817,114.22188742569608,113.70838908861363,100.43322925621993,100.43203405373686,103.13752680040737,98.20047815402178,107.61968584820205,114.40867299822952,113.08299141929841,118.91281940371492,120.06779934264797,119.30208668955444,124.02106381895217,123.16219093736333,111.97154220935812,116.68327175575288,87.4613351438082,109.17597782423738,109.17248336798076,106.73858595738123,109.51252721769566,121.53758152906727,128.93825295806897,130.87683926107897,138.98193173765742,132.60853747639715,102.1,102.2,103.3,100.6,126.2,119.3,123.8,129.2,122.3,134,132.1,105.6,104.3,81,69.1,17.4,26.1,34.3,73.9,61.1,126.9,120.5,108.9,107.4,101.1,90,96.9,65,60.5,63.4,73.6,77.7,67.1,70.6,80.5,96.7,95.3,99.2,94,65.2,66.7,73.1,78.4,78.3,105.3,109.7,91.2,92.9,88.6,89.2,91.1,70.3,94.3,99,99.4

16,"Manufacture of wood and products of wood and cork except furniture;
manufacture of articles of Straw and plaiting materials (0.2%)",93.76804714633586,102.33585901099013,105.73725779888217,96.89425255366825,102.7088041608103,101.27784182083826,98.47335640547394,99.34248838260014,99.43163636550948,98.16028863819734,99.389388886114,93.91156536543542,93.20808660803782,86.96072198741508,88.98073670340231,74.99637667718677,102.70388575323541,108.96468179397172,108.26238449904157,101.11937906452877,93.54714240080139,99.21395246886887,87.23431776245695,78.97007666499523,104.19966841424389,104.8116570871245,105.07997040283603,95.6716457380428,108.14125122791351,113.15758990626514,93.01803238719704,102.97404728834474,102.93523243850224,78.43357820416757,74.49464622416838,100.80573490826892,91.2,102.3,86.5,87.7,87.5,113.9,112.6,124.6,109.7,103.9,103.2,99.8,105.9,103,74,8.8,37.9,79.2,94.3,64.1,88.5,40.8,80.9,84,150,78.3,84.8,97.4,61.3,57.7,65,47.9,57.4,107.6,105.5,77.6,92.8,103.3,151.6,28.9,30.6,68.8,64.3,74,51.6,109.1,101.5,95.4,91.3,92.2,101.5,92.2,41.3,62.8,65.7

17,Manufacture of paper and paper products (1.7%),107.49389108013119,119.65962646417961,130.99249111144783,94.35702307255032,108.74842564842291,103.90424878950091,103.38743533961758,108.0437792897664,100.25643226595903,122.98240268928782,118.1516106038155,113.71434046460607,102.48701223956245,104.74374908364985,111.83037340309103,103.18367871461777,108.8863952777264,108.7601168058242,108.46766087905884,109.28494647500686,103.70675289010536,120.0353471564396,108.57881616743387,111.18194262902341,83.17227172103287,78.39196394090405,97.92653119793096,96.63264496695834,94.91672691182536,78.96719403178419,81.99036614141065,81.42875083760853,80.70157702985617,75.16673517783774,80.19011527161251,112.1157979366405,92.6,94.4,77.7,73.1,111,112.7,107.2,95.9,99.3,96.2,103.8,96.3,94.4,89,52.9,28.5,51.5,81.1,106.2,80,108.1,93.5,87.3,108.5,133.1,109.1,92.8,82.7,42.7,85.9,86.3,68.6,69.5,72.9,105.5,88.3,84.5,68.5,77.1,52.8,30,39.1,29.1,27.6,38.5,30.5,74.2,36.2,20.4,29.1,25.5,17.2,24.4,19.8,34.6

18,Printing and reproduction of recorded media (1.4%),100.32726878612968,96.4808998339844,102.55785778365987,98.97943228174525,105.12612992083506,106.06306219757451,101.17088116936247,97.44798343134856,102.06007288752963,114.62694216025568,115.41207569561126,102.83935246297872,105.51237802348878,106.54488193000861,108.45324769260276,99.76071417330672,109.05839568176667,110.22628205292786,83.16296545133737,106.11926833673797,120.10595170715095,112.06296070421074,114.1783531485987,107.9164887771429,103.95128893404062,100.7253959905185,115.7770354912562,96.80642810318967,97.2071557991725,113.92762886483186,114.10154531803533,112.13004248846352,103.74421202877208,106.38498473611469,104.750658561659,108.75806091460207,123.2,110.2,109.6,81.6,93.5,87.3,92.9,101.2,107.8,119.3,105.6,102.6,117,99.2,85.6,14.9,77.1,121.9,184.6,123.2,174,102.8,130.8,119.7,187,121.8,159.2,93.5,90.1,85.7,151.5,93.2,37.3,113.8,144.3,137.7,152.7,112.7,170.4,95.8,106.5,77.1,89.2,93.7,78.6,133.7,135.1,99.6,164.4,147.3,156.7,58.4,122.5,107.7,111.1

19,Manufacture of coke and refined petroleum products (7.4%),122.93433831275875,104.56957745830711,112.34326643514447,85.23079732951523,90.61416583227606,98.56006470739797,106.68208250845532,96.09146442886916,96.48381825831427,98.03170792959156,81.06167097723173,96.38988816448202,78.05884329003199,89.10247838466329,93.81943244045385,93.44733228749129,101.51299203224933,69.3710923613308,83.16296545133737,106.11126150072894,105.75256595490703,105.41011248781027,102.5338947395886,103.13915678172015,108.05052656297394,56.61792955895254,36.17492523099301,95.98041166168207,115.22776417023523,92.72514684730815,105.19084442502063,115.95327630124163,114.5914856283695,114.41898692480046,108.48788856238033,106.40616285782309,114.9,106,109.5,112.1,64.8,113.4,116.1,120.7,115.5,102.2,93.8,113,93.5,106.7,62,63,91.7,77.9,97.7,112.2,117.6,119.2,109.2,115.8,106.5,45.8,1.5,68,102.5,74.9,98.7,114.8,89.2,72.6,29.9,48.9,7.6,74.4,42.5,1.5,1.5,56.8,1.5,31.7,94.5,9.9,1.5,36.8,100.9,81.4,76.2,106.3,101.9,117.7,116

20,Manufacture of chemicals and chemical products (4.1%),120.3582135381809,115.46157698727089,126.31270430546353,81.49979923927455,101.93469102799794,107.0276925405655,105.34040618293248,103.41564762675559,91.02601526202922,98.46365915485252,100.85659592318818,98.32304501902466,97.25708988951335,102.28917743957646,107.21344781176596,71.85487528936623,80.54798113241036,93.73269282052978,97.43933471765287,100.81407379724621,102.71399707456456,99.6494137948019,104.74500694410156,101.17526170238395,110.02117572889732,99.3645992896241,116.37670233098807,78.47109213957721,97.39749512319958,88.96164744276689,86.11749285103573,88.34518283959277,87.6023423817403,91.16164372629585,86.13624049626478,81.98283580731915,84.8,94.7,125.7,90.2,113.8,100.6,103,100.9,94.7,107.3,107.6,102.9,84.6,85.9,79.3,35.4,73.8,113.8,120.1,117.5,123.8,126.8,82.4,87.1,82.3,72.8,119.5,88.7,101.4,69.5,84,92.2,71.6,92.8,102.7,100.4,102.8,102.2,116.1,118.2,116,104.3,92.3,98,99.4,103.5,66.6,63.8,65.3,74.3,74.7,74.1,70.9,73.7,72.7

21,Manufacture of basic pharmaceutical products and pharmaceutical preparations (0.1%),98.30898179331282,102.85168247223169,101.92559786311284,92.54933381702189,93.2550112842984,100.31175884107397,120.41781198379789,117.9944128967461,135.5307699923792,117.18976291076375,114.50524068445466,114.46185220337217,100.98297711954541,103.13071011602817,105.42900298284185,98.66434533850621,97.4477104594845,119.80067415978024,132.4933269282716,118.92072840523436,118.88028587152417,120.41461684385804,133.9395488925947,83.15264981862815,78.57217575781753,80.92294942537715,88.95252246896847,89.01288955509561,108.30588873057256,98.1035100443063,112.68964193267006,126.37437591079205,115.21496088574746,100.70479463390586,114.14994631915616,88.75861909845106,88.7,77.1,89.1,104.1,97.1,97.1,108.6,101,132.2,100.8,109,73.6,76.5,86.4,84.6,106.3,107.2,120.2,122.6,111.9,121.1,103.5,107.7,108,106.5,119.9,114.6,113.7,132.8,109.1,110.6,111.9,107.5,143.3,122.1,122.3,96.6,111.6,122.6,113.6,77.2,60.9,68.4,113.3,159.1,122.1,100.7,84.1,79.7,118.6,145.3,102.1,122.3,126.9,159.3

22,Manufacture of rubber and plastic products (5.7%),92.73363868183498,105.00037484713592,116.56204384330293,95.6304421611705,104.30193711325508,104.9607531076828,105.178277783908,106.69421108610628,100.25703944961717,106.00876416102409,105.64025547331848,100.83757992413102,100.65469851838493,100.08909235592452,112.02447128492933,95.57934136576208,114.97480179551967,110.5553331412207,107.95454456347109,106.90767302872162,110.4876893323301,112.66355893751172,112.0137715442377,111.8246147491521,111.53110779701878,107.9762595047189,117.28923899705923,82.22610654856904,111.81234657304384,116.78446604617834,117.44659127046306,112.74874685871185,98.28627918534967,119.9079525896698,126.89542536273402,120.57812183636803,119.5,121.2,122.4,100.9,105.3,97.6,100.8,94.2,89.1,109,107.7,108.8,107.5,98.7,54.4,12.6,31.6,55.3,98.5,94.2,87.4,86.9,89.4,93.5,105,83.5,124,85.5,108.5,105.3,107,92.9,101.9,112.3,102.6,106.3,106.8,94.8,112.1,86.2,107.2,108.7,98,95.6,73.1,77.1,83.1,70.2,92.3,87.7,83.1,51.7,71.9,78.6,77.6

23,Manufacture of other non-metallic mineral products (7.8%),95.37265009263963,89.24004031645634,99.7394788467223,101.89728428052005,102.48990076160108,102.47886904901837,102.46305363659651,108.4798271700946,104.79684646069039,113.94663706130768,120.78917564537018,114.5401358841811,120.0822375786483,110.66590689403073,124.25164862605507,111.65907863574623,110.01339869739519,103.43304173425342,110.10820241754277,109.28392621883557,109.04211523956423,110.61132682939181,113.52302174600443,105.81153306775161,115.64061241239546,103.40128472731396,121.986687470343,90.44169181101853,98.80891438925865,104.74147782613832,111.4611625389264,106.44609242147686,116.33615983388485,123.1766891668512,100.70260706969658,113.62028868775079,116.7,114,128.6,83.1,114,122.9,128,140.4,119.6,119,113,114.5,129.3,130.2,96.3,27.9,69.3,102.5,131.9,126.9,132,129.5,125.8,139.1,132.3,127.4,145.1,125.2,130.3,132,150.8,148.3,140.6,136.7,137.9,142.7,135.8,146.1,131.1,124.1,99.4,108.9,93.9,121.7,104.7,107.6,102.5,85.8,98.6,89.8,101.3,89.6,90.1,92.7,104.4

24,Manufacture of basic metals (2.4%),107.70032545574439,104.80632192465593,107.88698389738572,96.92183961565324,102.67497724819572,107.16015153759868,102.67518889288662,114.20135875891553,113.06482676882051,113.74843912040467,115.94023153929183,110.50625410061589,116.78088425151856,120.2361954750365,108.16398230650384,102.14734703379966,117.05305932400685,122.18628965692395,123.22779318080805,135.7408622404707,135.3634997566086,123.62885987005016,123.8102393701454,121.21991999830684,129.8948125886262,138.8539439988148,139.9373531714957,107.90556413892358,123.25869330567842,124.77491587123536,138.67700903722832,137.46513153717538,127.22279836610299,115.90531016529451,131.5392918368643,124.62803445575568,133.6,112.2,127.5,107.3,111.2,130.2,140.1,122.2,115.9,124.5,134.1,131.5,148.4,134.5,106.4,13.8,77.4,85.4,120.8,132.4,151.7,66.7,133.1,157.7,132.7,152.1,148.4,104.5,137.4,128.8,137.9,140.7,108,114.2,148.5,149.9,141.2,134.8,112.3,65.3,85.6,115.9,56.6,73.1,90.1,70.3,64.7,47.4,99.4,101.3,97.7,88.7,95.5,92.9,93.7

25,Manufacture of fabricated metal products (1.3%),97.37901954448063,96.10248098471179,113.13629512042083,91.43,80.04927219865422,94.60424655737754,106.79570266971035,98.7177297258955,103.82230772671531,104.55640663279995,106.06758390649075,98.35450819813609,98.99746232619393,90.00008673362562,120.25127659057806,100.78912173330663,97.35048074171945,106.61002725819404,122.19182449680605,133.7839919880863,133.22124587753316,132.18123842804553,131.05942894131312,123.05141248951716,123.1231390740356,117.16441828078818,129.66080334608608,90.59411385251174,116.7484643855261,126.92342719255765,131.58485092641067,127.2971046418881,134.45959874984013,139.41247429890393,132.24670203378267,135.4952481915468,127.8,114.6,113.5,98.7,99.3,95.8,112.4,103.4,101.6,107.1,132.9,122.1,133.9,159.8,125.7,9,37.1,81.1,122.4,89.5,111.1,120.1,120.7,100.4,115.9,139.9,146.9,152.6,94,120.3,128.7,101.1,128.1,128.3,124.1,115.1,113.2,124.5,146.6,68.1,93.9,54.4,54.9,47.5,47.1,38.9,41.4,33.1,39.7,39.5,44.6,37.1,46.5,50.1,56.1

26-27,Manufacture of electrical equipment (2%),90.89761809913455,93.84909479845722,119.03855606074356,95.77845458792193,102.65216670343686,103.82511633773031,95.59607037342755,99.53821544319898,84.0055708181801,96.04212559014647,103.6511970278478,93.3239311143879,103.11308052494992,102.89191392434557,120.25127659057806,100.70003858115881,105.11863495056555,104.1166267402219,104.24333405704986,106.99596587884557,88.09696017042783,95.5393410456065,92.00206329433557,75.42787539358666,97.03846518191246,97.57191766938881,85.51754758742234,98.16201270152571,79.28363950768052,79.16323293092704,76.214532741572,68.74888385001726,73.14208662500342,72.42510733040072,73.7140103279543,80.30773983425814,78.4,78,94.5,92.4,95,87.2,89.5,83.2,83.5,90.1,86.5,84.5,78.3,84.6,70,32.6,35.1,62.2,71.2,70.6,75.6,74.2,67.5,88.6,92.5,96.6,107.3,81.6,58.8,65.4,73.4,67.7,77.5,76.9,92.2,87.3,97.4,89.2,86.6,55.2,63.1,65.1,60.3,60.6,50.8,53.2,49.6,50.2,48.4,48.2,46.2,38.9,40.5,46.2,49.2

28,Manufacture of machinery and equipment (n                                                                                                          .e.c.) (0.7%),94.11188530976602,101.1046743599447,110.10920025412135,98.53473974642223,105.55815454380928,109.77875970209905,113.67155086751195,112.42585769457982,107.11322217251895,104.30426602105523,104.22845903520246,119.02106546377142,101.3477935727969,104.91481958278841,111.67393434841848,93.76299731260822,115.7326813477253,118.95960034010704,117.81225136503797,114.48698817479317,114.96026962700915,117.56024435801389,120.10285164026513,117.39223968666448,116.37806514620164,115.70399762334857,100.86631677075901,98.69045139303876,100.48318416658417,100.84992607111516,99.40344682754596,99.54891428688506,96.48999996585273,98.58391184535377,99.35837240352538,97.67217917766496,98.1,97.8,96.7,82.4,103,94.7,104.6,116.1,105.1,103,99.3,91.2,108.1,103.7,72.1,73.7,64.9,102,104.3,104.8,125.5,139.8,108.1,127.7,91.4,115.9,150.4,96.1,149.1,121.3,125.8,115.4,111.4,110.3,140.3,136.4,128.2,137.8,188.4,135.3,137.8,142.2,142.5,125.2,144.5,130,133.4,123.9,92.2,96.9,102.7,72.4,128.3,126.9,115.8

31,Manufacture of furniture (0.8%),110.96643810656363,105.89452375884929,112.7849438397706,78.25894600829362,86.63170840830766,81.71722413876486,120.87525913446973,125.69774646537222,118.09739400562522,121.35202969059145,121.72873568403367,121.29568644528558,114.80796317119261,114.48943425578952,115.66941795457343,100.01141110971685,100.00210646759213,85.18942635976683,113.24137159212636,117.05867856247932,98.7087612122553,106.98035544508306,104.30534837290888,92.24854818505848,90.5646405765363,92.61476339135079,107.82723295580176,89.26927931540578,90.66373501516465,73.44216059993232,91.59233829921223,93.2699652743002,86.33823950743292,89.43590994812274,98.16265625821828,84.19181364662751,100.9,93.8,111.9,82,90.9,88,93.9,82.1,88.6,85.7,83.5,81.8,97.9,72.4,54.6,14.2,44.6,73.6,91.5,90.5,92.5,99.7,94.7,97,88.3,88.1,100.7,70.9,65.8,64.3,82.6,76.7,60,80.1,82.6,69.6,68,74,97.7,65.7,80.1,61.2,51.2,48.1,59.4,57.5,47.6,48.7,56.9,53.1,62,50,59.1,62.2,68.8

29-30-32-33,Other Manufacturing (0.3%),105.5724309377629,106.08058928957918,110.11735909612759,96.06902936288212,99.33785815678952,102.86178843104669,95.99905776859421,106.08072800892853,93.1498365470966,100.63118285541184,106.83766032819719,100.6844743350842,99.95996637749836,101.50552816733325,113.11003538348052,89.03681930076705,96.24003602957481,99.18582621834832,103.34781112637414,104.19523376518664,81.35449289342446,95.12628665330917,100.37566944159974,97.8997987383348,87.48264080840093,73.40099475035674,119.84723667933599,94.59583974504677,101.14000002870634,97.11835223884091,110.27630959375765,101.04760129781137,98.33203006506159,96.14018246958528,95.99195047064383,66.24897006054428,64.9,65.3,61,60.6,64.7,61.6,72.4,63.2,62.6,68.4,76,70.9,69,82.3,51.6,14.2,43.8,78.5,87.7,53.2,73.6,63.5,91.3,79.2,62,66.5,93.6,53.7,71.9,69.2,65.6,67.4,67.2,71.8,64,82.3,67.9,57.2,83.3,55.4,61.9,57.7,68.1,83.7,89.5,86.9,74.1,49.4,56.4,80.7,68.9,41.3,64.1,59.5,60.8

Index of Industrial Production,,103.14907213301674,102.02822152187974,107.80909072604767,97,102.6,105.2,104.12395532716,103.55660482017488,101.55622327008354,104.71847257324613,104.2752113779021,103.30441584873078,104.41236023921317,103.4227026359385,110.14832539357462,98.32578379022372,103.66472334430767,104.38392566668648,104.7639699221651,109.01173036463652,107.70282217139142,107.9675977204932,108.62911822846539,107.72608368762218,108.71152335658833,103.58629082390864,110.25411582679565,97.65551812307258,105.6840902246448,105.01565437420113,106.12763404669438,109.25909101515863,106.73543055625902,110.84014345729454,107.41948346331314,109.00318008600445,108.8,104.2,116.5,96.9,106.1,107.5,108.6,112.2,107.2,112.1,108.7,108.5,108.1,104.2,84.1,50,79.2,92.5,111.3,102.3,108.8,107.8,106.9,110.3,108.1,99.2,119.6,94.1,93.2,97.4,109.9,105.7,100.2,109.5,106.8,107.4,100.9,101.2,107.9,87.3,90.8,96.5,85.6,90.7,90.9,86.6,81,80.2,87.4,84.1,90.9,80.1,88,90.1,91.7

Note: IIP is compiled by the Department of Census and Statistics with the base year 2015 and classified in accordance with the International Standard Industrial Classification (ISIC) Revision 4,,,,,,,,,,,,,,,,,,,,,,,,,,,,,,,,,,,,,,,,,,,,,,,,,,,,,,,,,,,,,,,,,,,,,,,,,,,,,,,,,,,,,,,,,,,,

,(a) Revised,,,,,,,,,,,,,,,,,,,,,,,,,,,,,,,,,,,,,,,,,,,,,,,,,,,,,,,,,,,,,,,,,,,,,,,,,,,,,,,,,,,,,,,,,,,

,(b) Provisional,,,,,,,,,,,,,,,,,,,,,,,,,,,,,,,,,,,,,,,,,,,,,,,,,,,,,,,,,,,,,,,,,,,,,,,,,,,,,,,,,,,,,,,,,,,

,(c) Weights applicable for each division are in parenthesis,,,,,,,,,,,,,,,,,,,,,,,,,,,,,,,,,,,,,,,,,,,,,,,,,,,,,,,,,,,,,,,,,,,,,,,,,,,,,,,,,,,,,,,,,,,

Source: Department of Census and Statistics,,,,,,,,,,,,,,,,,,,,,,,,,,,,,,,,,,,,,,,,,,,,,,,,,,,,,,,,,,,,,,,,,,,,,,,,,,,,,,,,,,,,,,,,,,,,


