<new sheet>
sheet_name: Anual BOP (1995-2011)
 ,BALANCE OF PAYMENTS (provisional data),,,,,,,,,,,,,,,,,,,,,,,,,,,,,,,,,,,,,,,,,,,,,,,,
 ,(US$ MILLION),,,,,,,,,,,,,,,,,,,,,,,,,,,,,,,,,,,,,,,,,,,,,,,,
,,1996,,,1997,,,1998,,,1999,,,2000,,,2001,,,2002,,,2003,,,2004,,,2005,,,2006,,,2007,,,2008,,,2009,,,2010,,,2011,,
,,Annual,,,Annual,,,Annual,,,Annual,,,Annual,,,Annual,,,Annual,,,Annual,,,Annual,,,Annual,,,Annual,,,Annual,,,Annual,,,Annual,,,Annual,,,Annual,,
,,Credit,Debit,Net,Credit,Debit,Net,Credit,Debit,Net,Credit,Debit,Net,Credit,Debit,Net,Credit,Debit,Net,Credit,Debit,Net,Credit,Debit,Net,Credit,Debit,Net,Credit,Debit,Net,Credit,Debit,Net,Credit,Debit,Net,Credit,Debit,Net,Credit,Debit,Net,Credit,Debit,Net,Credit,Debit,Net
, ,,,,,,,,,,,,,,,,,,,,,,,,,,,,,,,,,,,,,,,,,,,,,,,,
A.,GOODS ,4095.116740252126,5438.9,-1343.7832597478737,4639,5863.8,-1224.8000000000002,4798,5889.16047037527,-1091.16047037527,4610.142665860809,5979.324391295522,-1369.1817254347134,5522.323751905168,7319.843386327291,-1797.519634422123,4816.884450171462,5974.354528895433,-1157.4700787239708,4699.148177694182,6105.600292213291,-1406.4521145191093,5133.213839545175,6671.989424725773,-1538.7755851805978,5757,8000,-2243,6347,8863,-2516,6882.70666705023,10252.96198731512,-3370.2553202648905,7640,11296,-3656,8110.596113778233,14091.175487863824,-5980.579374085591,7084.521704901192,10206.633230545745,-3122.1115256445537,8625.82787667443,13450.938616771911,-4825.1107400974815,10558.820025766256,20268.80233980833,-9709.982314042076
,Merchandise      ,4095.116740252126,5438.9,-1343.7832597478737,4639,5863.8,-1224.8000000000002,4798,5889.16047037527,-1091.16047037527,4610.142665860809,5979.324391295522,-1369.1817254347134,5522.323751905168,7319.843386327291,-1797.519634422123,4816.884450171462,5974.354528895433,-1157.4700787239708,4699.148177694182,6105.600292213291,-1406.4521145191093,5133.213839545175,6671.989424725773,-1538.7755851805978,5757,8000,-2243,6347,8863,-2516,6882.70666705023,10252.96198731512,-3370.2553202648905,7640,11296,-3656,8110.596113778233,14091.175487863824,-5980.579374085591,7084.521704901192,10206.633230545745,-3122.1115256445537,8625.82787667443,13450.938616771911,-4825.1107400974815,10558.820025766256,20268.80233980833,-9709.982314042076

B.,SERVICES,765.4548789171535,660.3736946428875,105.08118427426598,875.5204873002644,716.263964317713,159.25652298255147,914.5455083522819,769.3593972555807,145.1861110967012,967.7220033246646,820.9026252272189,146.81937809744568,953.3642579695447,915.2825133156792,38.081744653865485,1355.4894416816182,1179.8205831626542,175.66885851896404,1268.3189478817974,973.7403383879993,294.5786094937981,1410.1561872260697,1012.0461149950315,398.1100722310382,1526.6646760751416,1108.0779319087478,418.5867441663938,1539.3207580725868,1202.449109936196,336.87164813639083,1624.8465318917072,1368.3269381966265,256.51959369508063,1774.877315504216,1471.8305175243006,303.0467979799155,2004.382867513648,1603.1236611503657,401.2592063632824,1892.2158027119076,1501.4351483392584,390.7806543726492,2474.2028791689354,1767.561120312505,706.6417588564304,3083.8879945414387,1985.084933044927,1098.8030614965116
,Transportation,339.19844665392804,200.88763232438612,138.31081432954193,388.9762532328599,233.27522533105974,155.70102790180016,401.84288607108044,262.93620629521746,138.90667977586298,404.5418556259257,282.74315531254103,121.79870031338464,406.01285457477786,337.02202912645777,68.9908254483201,384.1184705928897,307.1279569725612,76.9905136203285,514.2289483525951,331.0192532073836,183.20969514521153,562,361.15053043649283,200.84946956350717,624,415,209,673,469.7853720226623,203.21462797733773,750.5991530384631,539.63995453455,210.95919850391306,838,596,242,1000.4178630488118,702.0409663503383,298.3768966984735,865.4293147423192,630.8700005421072,234.55931420021204,1161.5584841945447,816.8708530768065,344.6876311177382,1392.0296622143533,953.1120199777333,438.91764223661994
,    Passenger Fares,115.8590333841301,91.00323652811035,24.85579685601975,141.8261788524102,100.43872868132706,41.387450171083145,139.08665176209644,123.65691276751424,15.429738994582195,141.8045690365622,123.24247017706642,18.56209885949579,141.963274869173,145.44110906048718,-3.477834191314173,134.06256978429752,152.4897497181447,-18.427179933847185,231.06890316861083,175.41059838791236,55.65830478069847,268,182.60257199655513,85.39742800344487,295,203,92,300.3643156961881,238.05792014299968,62.30639555318842,322.77582429616336,292.9196594260873,29.856164870076043,364.629355535484,315.66279909821924,48.966556437264785,460.6739086137393,349.4338898884239,111.2400187253154,404.2013052183337,323.7768952382646,80.42440998006907,467.7672203181095,375.27108800896434,92.49613230914514,591.1632728826246,424.6591912229128,166.5040816597118
,    Freight,28.54033070182002,44.78818869891197,-16.247857997091952,33.2732048696136,54.03881548253841,-20.76561061292481,34.158310460167925,57.10451034635832,-22.946199886190392,36.565368733805,65.39528090554458,-28.82991217173958,43.022459000288364,76.77526626207055,-33.75280726178218,39.58019742945388,62.097719431015626,-22.517522001561744,43.22472189926596,62.58569312457047,-19.36097122530451,45.001881073547175,71.80174897593513,-26.799867902387952,50,85,-35,53.602778041015966,91.21443374063298,-37.61165569961702,62.912618606488984,104.70084793442322,-41.78822932793424,71,115.40479806343734,-44.40479806343734,104.35107322664112,147.4027329761224,-43.051659749481274,74.06816001847395,116.23784986939293,-42.169689850918985,107.8281342338608,174.8735845828385,-67.04545034897771,166.61120740928223,224.51837152538505,-57.90716411610282
,    Other,194.7990825679779,65.0962070973638,129.70287547061412,213.87686951083612,78.79768116719428,135.07918834364182,228.5979238488161,82.1747831813449,146.4231406674712,226.1719178555585,94.10540422993003,132.06651362562846,221.02712070531646,114.80565380390004,106.22146690141642,210.4757033791383,92.54048782340087,117.93521555573744,239.93532328471835,93.02296169490074,146.9123615898176,249.0849172472723,106.74620946400256,142.33870778326974,279,127,152,319,140.51301813902958,178.48698186097042,364.9107101358107,142.0194471740395,222.8912629617712,402,165,237,435.3928812084314,205.20434348579207,230.18853772263932,387.1598495055115,190.85525543444965,196.30459407106184,585.9631296425745,266.7261804850037,319.2369491575708,634.2551819224465,303.93445722943545,330.320724693011
,Travel,166.2584315978391,175.762927413529,-9.504495815689921,208.7630121972062,179.57142849670308,29.191583700503116,229.8572016,201.6016350942233,28.2555665057767,274.215252,218.8863302266132,55.32892177338681,251.58011620000005,244.05347246402926,7.526643735970794,212.60121249999997,250.44922204066103,-37.84800954066105,363.1891937500001,262.78162504609577,100.4075687039043,441,278.86859375121617,162.13140624878383,513,296,217,429.0710966574719,314.4618441363815,114.60925252109041,410.30018640000003,373.1865262636284,37.11366013637161,385.32624,392.9269647835964,-7.6007247835964336,342.01050000000004,428.41674462722136,-86.40624462722133,349.578145,410.9231983491451,-61.345053349145076,575.93888,452.63151873891854,123.3073612610815,830.29575,501.3440679165335,328.9516820834665
,Telecommunications Services,,,,,,0,,,0,,,0,46.219563,47.677206,-1.4576429999999974,40.05435824604381,5.573736473798187,34.48062177224563,68.94409418648121,8.42837852660977,60.51571565987144,52.80839054065482,7.510338281938507,45.29805225871631,43,10,33,43.86671330734736,18.9209777866446,24.945735520702762,67.92124817331555,49.07310180522049,18.84814636809506,71.96396357653305,53.962942685051004,18.001020891482042,80.53827562100221,55.02294103794341,25.515334583058802,79.73183774264366,53.54867755256592,26.183160190077743,83.2960881817576,56.035537131546064,27.260551050211532,85.22408072295295,56.5890615949309,28.63501912802205
,Computer and Information Services,,,,,,0,,,0,,,0,0,0,0,65.979,0,65.979,50,0,50,65,0,65,72,0,72,82,0,82,98,0,98,175,0,175,230,0,230,245,0,245,265,0,265,355,0,355
,Construction Services,,,,,,0,,,0,,,0,0,0,0,40.97863701299785,38,2.9786370129978508,34.42189425091252,7.883416093162467,26.538478157750056,38.3421487933219,3.888074306635107,34.45407448668679,26,6,20,29.36363186498053,5.52,23.84363186498053,29.217083313389736,5.52,23.697083313389737,32.76604082779173,5.52,27.246040827791727,40.45621380375508,5.52,34.93621380375508,39.736533966234404,5.52,34.21653396623441,41.922683113051804,6.368656463724777,35.55402664932703,42.90242244649881,6.512675228499434,36.38974721799938
,Insurance Services,27.52843407294129,17.99418203184536,9.534252041095932,29.755378208662275,19.96195380495734,9.793424403704936,33.83547704252218,18.208099013274204,15.627378029247975,37.09711094302121,19.96940255803159,17.127708384989617,41.18810273026693,22.167093640148025,19.021009090118902,422.68180761804604,317.12083765517497,105.56096996287107,45.222919904150075,27.317429202188514,17.90549070196156,48.001636747450185,29.056470451694928,18.945166295755257,50.33968177890068,30.436440930290125,19.903240848610558,72.98503132189657,34.31215595331076,38.672875368585814,57.17223108258539,37.19466812252361,19.977562960061782,55.185615029089526,39.9268910274525,15.258724001637027,68.44994654537793,46.77811640426161,21.671830141116317,74.58363841918478,46.35888479949477,28.224753619690013,80.36751137117889,49.749020529029664,30.618490842149228,90.67022403818443,55.20414408689295,35.466079951291476
,Other Business Services,208.1899825147314,234.8782137301379,-26.68823121540649,223,252,-29,224,253,-29,227,274,-47,184.4138394050081,234,-49.586160594991895,167.55471841915136,246.7920908392453,-79.23737242009395,171.23063937480578,304.8828510110397,-133.65221163623391,181.52298010629198,298.572107767054,-117.049127660762,178,315.15300212722826,-137.15300212722826,187.63863414145106,322.0515903940978,-134.41295625264672,190.46179101951867,328.5992098184061,-138.13741879888744,196.33915928537658,349.35076807413867,-153.0116087887621,221.5839465466711,330.4929461125715,-108.90899956590039,219.19450196468935,319.1874693216409,-99.99296735695154,245.46316466478135,347.80345917136674,-102.3402945065854,265.7750590466074,373.3074217328898,-107.5323626862824
,          of which Hired Power Rental Payments,,,,,,0,,,0,,,0,0,0,0,0,0,0,0,38.84,-38.84,0,38.84,-38.84,0,30,-30,0,6,-6,0,6,-6,0,6,-6,0,6,-6,0,0,0,0,0,0,0,0,0
,Government Expenditure n.i.e.,24.27958407771355,30.85073914298904,-6.571155065275487,25.025843661536044,31.4553566849928,-6.429513023456757,25.00994363867941,33.61345685286576,-8.60351321418635,24.867784755717626,25.303737130032992,-0.4359523743153666,23.94978205949176,30.3627120850443,-6.412930025552541,21.521237292489303,14.756739181213526,6.764498111275778,21.081258062852445,31.42738530151938,-10.346127238666934,21.48103103835081,33,-11.51896896164919,20.324994296240845,35.48848885122956,-15.163494554988716,21.3956507794395,37.39716964309926,-16.00151886365976,21.174838864434903,35.11347765229798,-13.938638787863077,20.296296785425316,34.1429509540622,-13.846654168636885,20.92612194802992,34.85194661802955,-13.925824669999631,18.961830876836075,35.02691777430437,-16.065086897468298,20.65606764362103,38.10207520111274,-17.44600755749171,21.990796072841636,39.01554250744738,-17.024746434605742

C.,INCOME,175.07946192561192,378.81442595312353,-203.7349640275116,233.72651922372816,393.27542446047323,-159.54890523674507,213.72660050026911,393.5677909632431,-179.841190462974,167.01070150551269,420.73600398564963,-253.72530248013695,151.6381931180449,456.21329881476265,-304.57510569671774,107.88685741985073,374.5430377258384,-266.6561803059877,75.32183441543475,327.81515680316903,-252.49332238773428,169.9538410582259,341.69137705576924,-171.73753599754335,156.91045062312892,359.85568883194276,-202.94523820881383,35.363163092098084,334.8400038594851,-299.476840767387,311.1829205052292,700.0502831262265,-388.8673626209973,449.1048350276816,806.926844304507,-357.8220092768254,-31.98203670586212,940.4105016456128,-972.392538351475,115.76840964107095,603.22985126465,-487.4614416235791,323.25889435640204,940.1431966313053,-616.8843022749032,466.5876562873457,1113.5896173317287,-647.001961044383
,  Compensation of Employees,11.02559343992013,12.24592213267402,-1.22032869275389,11.726259950417344,13.287352579097773,-1.561092628680429,11.786034008751358,13.328712469695422,-1.5426784609440638,11.941252595082432,13.546992517529773,-1.6057399224473414,12.138600126579375,14.257163586284786,-2.1185634597054115,14.432716559612501,16.556732318992786,-2.124015759380285,9.012138914463463,13.463707034971646,-4.451568120508183,9.553841058225892,15.049700429189357,-5.4958593709634656,9.910450623128924,15.855688831942775,-5.945238208813851,7.054424100969211,16.403735223315675,-9.349311122346464,5.718524708583678,16.709028398881774,-10.990503690298095,5.786221486470819,16.92333112316898,-11.13710963669816,6.4250373879980005,20.167851316968612,-13.742813928970612,6.455821339371985,17.20228963850434,-10.746468299132355,7.158469180966,18.053806329784386,-10.895337148818387,8.174066516303341,19.28777305918984,-11.113706542886497
,  Direct Investment,1.43343901734031,64.25374402075049,-62.820305003410176,2.000259273310826,76.88807188137541,-74.88781260806458,2.035002691629885,91.01375345637136,-88.97875076474148,2.0511940514142086,111.30638929232965,-109.25519524091544,2.1270728749061103,110.29597366901722,-108.16890079411111,3,103.52501974893892,-100.52501974893892,2.4,98.06345420808908,-95.66345420808908,2.4,91.64167662657988,-89.24167662657987,3,95,-92,2.8333333333333335,114.65839555000106,-111.82506221666773,2.8333333333333335,362.3458178211794,-359.5124844878461,2.8333333333333335,348.9995866601407,-346.1662533268074,6.041666666666666,469.8718340151663,-463.83016734849963,7,229.56300760417616,-222.56300760417616,9,302.887958434798,-293.887958434798,10,384.99637303675513,-374.99637303675513
,  Interest and other charges,162.6204294683515,302.314759799699,-139.69433033134752,220,303.1,-83.10000000000002,199.9055637998879,289.22532503717633,-89.31976123728845,153.01825485901605,295.88262217579023,-142.86436731677418,137.37252011655943,331.6601615594607,-194.28764144290125,90.45414086023823,254.46128565790673,-164.0071447976685,63.90969550097128,216.2879955601083,-152.37830005913702,158,235,-77,144,249,-105,25.47540565779554,203.77787308616834,-178.3024674283728,302.6310624633122,320.9954369061653,-18.36437444285309,440.48528020787745,441.0039265211973,-0.5186463133198345,-44.44874076052679,450.3708163134779,-494.8195570740047,102.31258830169897,356.46455402196955,-254.1519657202706,307.10042517543604,619.2014318667228,-312.1010066912868,448.4135897710423,709.3054712357837,-260.89188146474135

D.,CURRENT TRANSFERS,881.303881209016,122.1959463960424,759.1079348129737,966.9405794433724,134.68662075594557,832.2539586874268,1051.6820726107405,150.97086179057354,900.711210820167,1081.6253144011932,168.81970166854245,912.8056127326508,1183.4948273128743,185.66995651090713,997.8248708019672,1176.942597120805,171.70441358767653,1005.2381835331284,1318.2402886845052,190.2251687436957,1128.0151199408097,1449.826822860049,208.63485955294937,1241.1919633070997,1594,213.71841087889322,1380.2815891211067,2061.029173690366,232.91827589306294,1828.110897797303,2261.506295912487,257.4499505669984,2004.0563453454888,2598.3020547251567,287.7337579903987,2310.568296734758,3018.922344841018,352.79738920325167,2666.124955637766,3407.6015374622157,403.0792198847731,3004.5223175774427,4168.410707166138,508.0905707499367,3660.3201364162014,5204.469307812657,561.6629723321223,4642.8063354805345
,Private,832.203881209016,122.1959463960424,710.0079348129736,922.4509614612865,134.68662075594557,787.7643407053409,999.2042057041378,150.97086179057354,848.2333439135643,1055.8220977816693,168.81970166854245,887.0023961131269,1159.7060486259134,185.66995651090713,974.0360921150062,1155.3818227689237,171.70441358767653,983.6774091812472,1287.0638206309022,190.2251687436957,1096.8386518872067,1413.826822860049,208.63485955294937,1205.1919633070997,1564,213.71841087889322,1350.2815891211067,1968.486791846796,232.91827589306294,1735.5685159537331,2160.959413969274,257.4499505669984,1903.5094634022757,2501.5414884012253,287.7337579903987,2213.8077304108265,2918.0457014486187,352.79738920325167,2565.248312245367,3330.2995265145037,403.0792198847731,2927.2203066297307,4115.978055699223,508.0905707499367,3607.887484949286,5144.84168144356,561.6629723321223,4583.178709111438
,   of whichTsunami related Inflows,,,0,,,0,,,0,,,0,,,0,,,0,,,0,,,0,,,0,50,0,50,0,0,0,0,0,0,0,0,0,0,0,0,0,0,0,0,0,0
,General Government,49.1,0,49.1,44.48961798208588,0,44.48961798208588,52.477866906602635,0,52.477866906602635,25.803216619523862,0,25.803216619523862,23.78877868696098,0,23.78877868696098,21.560774351881292,0,21.560774351881292,31.176468053603056,0,31.176468053603056,36,0,36,30,0,30,92.54238184356984,0,92.54238184356984,100.54688194321314,0,100.54688194321314,96.76056632393153,0,96.76056632393153,100.87664339239925,0,100.87664339239925,77.30201094771182,0,77.30201094771182,52.43265146691535,0,52.43265146691535,59.62762636909625,0,59.62762636909625

,CURRENT ACCOUNT,5916.954962303907,6600.284066992053,-683.3291046881459,6715.1875859673655,7108.026009534132,-392.8384235667663,6977.954181463292,7203.058520384668,-225.10433892137553,6826.50068509218,7389.782722176933,-563.282037084753,7810.821030305632,8877.00915496864,-1066.1881246630082,7457.203346393736,7700.422563371601,-243.21921697786547,7361.029248675919,7597.380956148156,-236.35170747223674,8163.150690689519,8234.361776329522,-71.21108564000315,9034.57512669827,9681.652031619584,-647.076904921314,9982.713094855051,10633.207389688745,-650.4942948336939,11080.242415359653,12578.789159204971,-1498.546743845318,12462.284205257054,13862.491119819206,-1400.2069145621517,13101.919289427038,16987.507039863056,-3885.587750436018,12500.107454716386,12714.377450034426,-214.26999531803995,15591.700357365906,16666.733504465657,-1075.0331470997517,19313.764984407695,23929.13986251711,-4615.374878109415

,CAPITAL AND FINANCIAL ACCOUNT,1851.8419587722162,1316.5766841079987,535.2652746642175,1674.217096237398,1072.2520636407376,601.9650325966604,1698.0723234343093,1284.9231736042886,413.14914983002063,1386.9032093917335,1014.0405068358464,372.86270255588715,1598.5828806085067,1155.5788628058776,443.00401780262905,2222.7714737621563,1660.6832921506318,562.0881816115245,2242.964677782702,1799.2604483075404,443.7042294751616,2532.1875211037463,1810.2652973820573,721.9222237216891,2787,2156.009847759141,630.9901522408591,3467.8769341538627,2243.7288745245155,1224.1480596293472,4150.157306548201,2342.446268889472,1807.7110376587289,5235.744886570441,3139.667068471349,2096.077818099092,6674.898339801496,4901.734550892709,1773.163788908787,7353.040696439974,4758.921117137596,2594.119579302378,8712.762993740887,5836.115632450751,2876.6473612901364,10721.925057235336,6459.870819741015,4262.054237494321
,CAPITAL ACCOUNT,99.7,3.77336440622457,95.92663559377543,91.29720226265418,4.1656530134184795,87.1315492492357,84.28284750967214,4.669201911048667,79.61364559862346,85.50396923708462,5.221227886655953,80.28274135042867,55.89336293001469,5.742369788997127,50.150993141017565,202.8119615443776,5.31044578106216,197.50151576331544,70.8997996095288,5.883252641557599,65.0165469679712,80.28107901878838,6.452624522256166,73.8284544965322,71,6.609847759141027,64.39015224085897,257.2930417618975,7.499743303182141,249.79329845871536,299.0582012648902,8.422120562369422,290.6360807025208,278.48189066415677,9.65874370039834,268.8231469637584,302.7166227898915,12.087325642908764,290.62929714698276,247.12038264574247,14.229817288099373,232.89056535764308,182.37124162820837,18.505185190360304,163.86605643784807,184.5847782781632,20.22004128002854,164.36473699813467
,    Capital Transfers,99.7,3.77336440622457,95.92663559377543,91.29720226265418,4.1656530134184795,87.1315492492357,84.28284750967214,4.669201911048667,79.61364559862346,85.50396923708462,5.221227886655953,80.28274135042867,55.89336293001469,5.742369788997127,50.150993141017565,55.211961544377615,5.31044578106216,49.90151576331546,70.8997996095288,5.883252641557599,65.0165469679712,80.28107901878838,6.452624522256166,73.8284544965322,71,6.609847759141027,64.39015224085897,257.2930417618975,7.499743303182141,249.79329845871536,299.0582012648902,8.422120562369422,290.6360807025208,278.48189066415677,9.65874370039834,268.8231469637584,302.7166227898915,12.087325642908764,290.62929714698276,247.12038264574247,14.229817288099373,232.89056535764308,182.37124162820837,18.505185190360304,163.86605643784807,184.5847782781632,20.22004128002854,164.36473699813467
,         General Government (Other),91.3,0,91.3,82.63552874338549,0,82.63552874338549,74.18987573488286,0,74.18987573488286,77.4096498585716,0,77.4096498585716,44.17916041864183,0,44.17916041864183,40.041438082065255,0,40.041438082065255,57.899154956691405,0,57.899154956691405,66,0,66,55,0,55,144.24236887157517,0,144.24236887157517,186.72992360882438,0,186.72992360882438,179.69819460158712,0,179.69819460158712,187.34233772874148,0,187.34233772874148,143.56087747432196,0,143.56087747432196,97.37492415284281,0,97.37492415284281,110.73702039975018,0,110.73702039975018
,         NGOs,,,0,,,0,,,0,,,0,,,0,0,0,0,,,0,,,0,,,0,97.82011908717746,0,97.82011908717746,94.2435767950047,0,94.2435767950047,79.44754680700667,0,79.44754680700667,92.4748406609082,0,92.4748406609082,77.48345049917347,0,77.48345049917347,53.072137197706475,0,53.072137197706475,33.61128682887445,0,33.61128682887445
,         Other Sector(migrant transfers),8.4,3.77336440622457,4.626635593775431,8.661673519268689,4.1656530134184795,4.496020505850209,10.092971774789271,4.669201911048667,5.423769863740604,8.094319378513017,5.221227886655953,2.873091491857064,11.714202511372864,5.742369788997127,5.971832722375737,15.17052346231236,5.31044578106216,9.8600776812502,13.000644652837398,5.883252641557599,7.117392011279799,14.281079018788375,6.452624522256166,7.82845449653221,16,6.609847759141027,9.390152240858974,15.230553803144863,7.499743303182141,7.730810499962722,18.084700861061155,8.422120562369422,9.662580298691733,19.33614925556298,9.65874370039834,9.67740555516464,22.899444400241848,12.087325642908764,10.812118757333083,26.076054672247025,14.229817288099373,11.846237384147653,31.924180277659083,18.505185190360304,13.418995087298779,40.23647104953858,20.22004128002854,20.01642976951004
,                of which: Debt forgiveness,,,0,,,0,,,0,,,0,0,0,0,0,0,0,0,0,0,0,0,0,0,0,0,0,0,0,0,0,0,0,0,0,0,0,0,0,0,0,0,0,0,0,0,0
,   Acquisition/disposal of non-financial Assets,,,0,,,0,,,0,,,0,0,0,0,147.6,0,147.6,0,0,0,0,0,0,0,0,0,0,0,0,0,0,0,0,0,0,0,0,0,0,0,0,0,0,0,0,0,0

,FINANCIAL ACCOUNT,1752.1419587722162,1312.8033197017742,439.338639070442,1582.919893974744,1068.086410627319,514.8334833474248,1613.7894759246371,1280.25397169324,333.5355042313972,1301.3992401546489,1008.8192789491904,292.5799612054584,1542.689517678492,1149.8364930168805,392.85302466161147,2019.9595122177789,1655.3728463695697,364.5866658482091,2172.0648781731734,1793.3771956659828,378.68768250719063,2451.906442084958,1803.812672859801,648.0937692251571,2716,2149.4,566.5999999999999,3210.583892391965,2236.2291312213333,974.3547611706317,3851.0991052833106,2334.0241483271025,1517.074956956208,4957.262995906284,3130.008324770951,1827.2546711353334,6372.181717011605,4889.647225249801,1482.534491761804,7105.920313794232,4744.691299849497,2361.229013944735,8530.391752112679,5817.610447260391,2712.7813048522876,10537.340278957172,6439.650778460987,4097.689500496185
 ,Private Investment,1086.8450073957627,932.1052638532876,154.73974354247503,949.9026171012811,479.7486910004151,470.153926100866,605.5782044158227,426.5632534806203,179.01495093520242,671.9021436583284,321.4205577335997,350.48158592472873,765.5627598870955,452.34746333981235,313.2152965472831,878.4813250185629,1016.7891214107818,-138.30779639221896,1234.241416135112,977.3550116161937,256.8864045189184,1232.6583491898286,1043.8959885584309,188.76236063139777,1544,1264,280,1517.2089717554713,1195.9199197326745,321.2890520227968,1665.398208568948,1228.1573617973397,437.2408467716082,2093.117399413074,1393.2146667132197,699.9027326998544,3781.0340501806913,2362.614284935062,1418.4197652456292,2931.3006493172184,2246.699628393515,684.6010209237033,3113.4468210776517,3790.949653108906,-677.5028320312545,4139.854842299751,3483.150451678287,656.704390621464
,     Long - term,313.65913288702905,190.5925410950065,123.06659179202254,584.3189897105449,107.08333448419786,477.23565522634703,352.52374282075976,157.85176153459776,194.671981286162,562.032192998573,189.13252013865505,372.8996728599179,475.89431666236794,218.13467105718462,257.7596456051833,216.7876933589829,302,-85.21230664101711,311.4875,147.68528907401065,163.80221092598936,329.84205699999995,161.3079538689833,168.53410313101665,402,161,241,469.19999999999993,224.4235918725099,244.77640812749004,619.3524902076558,203.24791064402868,416.1045795636271,802.2352466216587,223.28492488170815,578.9503217399506,1017.0050898987154,252.58212124656274,764.4229686521526,794.2363603607158,330.9685347011469,463.2678256595689,1057.1557876182374,473.4082579416209,583.7475296766165,1265.912,195,1070.912
,       Direct Investment,99.79771640891421,13.33854326663343,86.45917314228078,133.476496348329,4.7833344841978604,128.69316186413113,150,13.08637645770312,136.91362354229688,201.32513024568533,24.413039,176.91209124568533,175.13,2,173.13,81.88779823631066,0,81.88779823631066,192,11.438412591637928,180.56158740836207,198.7,27.307953868983297,171.39204613101668,223,6,217,272.19999999999993,38.42359187250989,233.77640812749004,480.43315687432244,29.373,451.06015687432244,603.3269,55,548.3269,752.2,61.66666666666667,690.5333333333334,403.96000000000004,20,383.96000000000004,477.55899999999997,42.5,435.05899999999997,955.912,60,895.912
,       Privatisation Proceeds ,33.45234278446924,0,33.45234278446924,301.1424933622159,0,301.1424933622159,56.053949889146644,0,56.053949889146644,0,0,0,2.5793139025019345,0,2.5793139025019345,89.89989512267222,0,89.89989512267222,4.5,0,4.5,30,0,30,10,0,10,0,0,0,0,0,0,0,0,0,0,0,0,0,0,0,0,0,0,0,0,0
,       Other Private Long-term,180.4090736936456,177.2539978283731,3.155075865272522,149.7,102.3,47.39999999999999,146.4697929316131,144.76538507689463,1.7044078547184824,360.7070627528877,164.71948113865506,195.98758161423262,298.185002759866,216.13467105718462,82.05033170268138,45,302,-257,114.98750000000001,136.24687648237273,-21.259376482372716,101.142057,134,-32.857943000000006,169,155,14,197,186,11,138.91933333333333,173.8749106440287,-34.95557731069536,198.90834662165872,168.28492488170815,30.623421739950572,264.8050898987154,190.91545457989605,73.88963531881933,390.2763603607158,310.9685347011469,79.30782565956889,579.5967876182374,430.9082579416209,148.6885296766165,310,135,175
,     Short - term,773.1858745087336,741.5127227582811,31.673151750452462,365.5836273907362,372.66535651621723,-7.081729125481047,253.0544615950629,268.71149194602253,-15.657030350959644,109.86995065975546,132.28803759494463,-22.418086935189166,289.6684432247275,234.21279228262773,55.455650942099794,661.69363165958,714.7891214107818,-53.09548975120185,922.753916135112,829.669722542183,93.08419359292907,902.8162921898287,882.5880346894476,20.22825750038112,1142,1103,39,1048.0089717554715,971.4963278601647,76.51264389530684,1046.045718361292,1024.909451153311,21.136267207981064,1290.8821527914151,1169.9297418315116,120.95241095990355,2764.028960281976,2110.0321636884996,653.9967965934766,2137.0642889565024,1915.731093692368,221.33319526413447,2056.2910334594144,3317.5413951672854,-1261.250361707871,2873.9428422997507,3288.150451678287,-414.2076093785363
,       Portfolio Investment,76.78121859336787,70.14722708363348,6.633991509734386,139.94285110310508,126.84987986126924,13.09297124183584,69.80508244755715,93.48273260744747,-23.67765015989032,72.01532183712865,84.83529797267191,-12.819976135543257,19.333359891394224,64.06779228262772,-44.7344323912335,23.633881659580027,34.675371410781764,-11.041489751201738,77.984666135112,52.63209754218295,25.352568592929046,144.8162921898287,143.21420968944759,1.6020825003811012,111,100,11,275.87124675547153,215.45592786016473,60.4153188953068,354.51521836129206,303.84795115331104,50.66726720798101,422.9299027914151,322.0092418315117,100.92066095990339,547.9864602819761,487.9746636884997,60.01179659347639,375.0642889565024,381.4994270257014,-6.435138069198956,818.8085334594145,1048.5413951672856,-229.73286170787105,451.7418422997506,623.1504516782871,-171.40860937853654
,       Other Private Short-term,696.4046559153658,671.3654956746477,25.039160240718047,225.64077628763113,245.815476654948,-20.17470036731686,183.24937914750572,175.22875933857506,8.020619808930661,37.85462882262681,47.452739622272716,-9.598110799645909,270.33508333333333,170.145,100.19008333333332,638.05975,680.1137500000001,-42.05400000000009,844.76925,777.037625,67.73162500000001,758,739.373825,18.62617499999999,1031,1003,28,772.137725,756.0404,16.09732500000007,691.5305000000001,721.0615,-29.53099999999995,867.95225,847.9205,20.031750000000102,2216.0425,1622.0575,593.9850000000001,1762,1534.2316666666666,227.76833333333343,1237.4825,2269,-1031.5175,2422.201,2665,-242.79899999999998

,Commercial Banks,208.2,141.6,66.6,132.7,326.59999999999997,-193.89999999999998,515.3,563.6,-48.30000000000007,248.5,368.5,-120,422.6,389.6,33,566.1,312.1,254,396.20000000000005,436.29999999999995,-40.09999999999991,305.4999999999999,401.30000000000007,-95.80000000000018,402,554,-152,946.0100000000002,846.4500000000003,99.55999999999995,1253.8999999999999,664.5999999999999,589.3,1104.8000000000002,1021.547,83.25300000000016,1023.1,997.6,25.5,602.9899999999998,1135.6899999999996,-532.6999999999998,1778.7600000000004,715.1600000000003,1063.6000000000001,2218.0299999999997,1246.92,971.1099999999997
,       Commercial Bank - Assets ,117.9,113.6,4.300000000000011,0,323.3,-323.3,385.6,205.6,180.00000000000003,167.6,186.8,-19.200000000000017,126.5,267,-140.5,317.6,134.6,183.00000000000003,253.60000000000002,149.19999999999993,104.40000000000009,167.10000000000002,260.9000000000001,-93.80000000000007,143,497,-354,353.5,576.45,-222.95000000000005,707.5999999999999,411,296.5999999999999,468.70000000000005,749.247,-280.5469999999999,513.1,302.9,210.20000000000005,365.05999999999995,800.1399999999999,-435.0799999999999,712.0000000000002,463.23000000000025,248.76999999999998,1218.78,1035.85,182.93000000000006
,       Commercial Bank - Liabilities,90.3,28,62.3,132.7,3.2999999999999545,129.40000000000003,129.7,358,-228.3,80.9,181.7,-100.79999999999998,296.1,122.6,173.50000000000003,248.5,177.5,71,142.60000000000002,287.1,-144.5,138.39999999999986,140.4,-2.000000000000142,259,57,202,592.5100000000002,270.0000000000002,322.51,546.3,253.5999999999999,292.70000000000005,636.1000000000001,272.3,363.8000000000001,510,694.7,-184.70000000000005,237.92999999999984,335.5499999999997,-97.61999999999989,1066.7600000000002,251.93000000000006,814.8300000000002,999.25,211.07000000000016,788.1799999999998

 ,Central Government,457.09695137645343,239.09805584848658,217.99889552796685,500.3172768734629,261.7377196269039,238.57955724655898,492.9112715088144,290.0907182126196,202.82055329619482,380.9970964963204,318.89872121559074,62.09837528072967,354.52675779139656,307.88902967706815,46.63772811432841,575.378187199216,326.48372495878795,248.89446224042803,541.6234620380612,379.72218404978906,161.90127798827217,913.7480928951293,358.61668430137,555.1314085937593,770,331.4,438.6,747.3649206364935,193.85921148865842,553.5057091478351,931.8008967143628,441.2667865297629,490.5341101845999,1759.34559649321,715.246658057731,1044.0989384354789,1568.047666830913,1529.432940314739,38.61472651617396,3571.629664477014,1362.3016714559822,2209.327993021032,3638.184931035026,1311.5007941514846,2326.684136883541,4179.455436657421,1709.5803267826993,2469.8751098747216
,       Long-term  ,424.2969513764534,140.2980558484866,283.99889552796685,332.5172768734629,148.9377196269039,183.57955724655898,471.1539671725763,157.872591927109,313.2813752454673,350.7948280610107,173.52992596805632,177.2649020929544,352.96357574336656,199.22037702395974,153.74319871940682,423.2712768785501,207.94796313201266,215.32331374653745,486.3687059791763,213.2575529045248,273.1111530746515,806,246,560,714,284.4,429.6,747.3649206364935,193.85921148865842,553.5057091478351,931.8008967143628,441.2667865297629,490.5341101845999,1289.87559649321,617.846658057731,672.028938435479,1059.067666830913,807.1129403147388,251.9547265161741,1780.149664477014,939.8233419888546,840.3263224881595,2460.104931035026,664.5906311517592,1795.5142998832666,3025.9754366574216,789.2403267826992,2236.735109874722
,       Other Long-term,32.8,98.8,-66,167.8,112.8,55.000000000000014,21.757304336238143,132.2181262855106,-110.46082194927246,30.202268435309705,145.36879524753445,-115.16652681222475,1.5631820480299872,108.66865265310842,-107.10547060507844,152.10691032066586,118.53576182677529,33.571148493890576,5.254756058884918,166.46463114526426,-161.20987508637936,107.74809289512929,112.61668430137,-4.868591406240711,56,47,9,,,0,,,0,,,0,,,0,,,0,,,0,,,0
,       Short - term,0,0,0,0,0,0,0,0,0,0,0,0,0,0,0,0,0,0,50,0,50,0,0,0,0,0,0,0,0,0,0,0,0,469.46999999999997,97.4,372.06999999999994,508.98,722.32,-213.34000000000003,1791.48,422.47832946712765,1369.0016705328724,1178.08,646.9101629997255,531.1698370002745,1153.48,920.3400000000001,233.13999999999987
,                Treasury Bills,,,0,,,0,,,0,,,0,,,0,,,0,,,0,,,0,,,0,,,0,,,0,469.46999999999997,97.4,372.06999999999994,508.98,722,-213.01999999999998,555.62,262.43674925212997,293.18325074787003,743.0600000000001,579.9955791163356,163.0644208836644,738.91,648.04,90.87
,                Treasury Bonds,,,0,,,0,,,0,,,0,,,0,,,0,,,0,,,0,,,0,,,0,,,0,,,,,,,1235.8600000000001,160.04158021499762,1075.8184197850026,435.02,66.91458388338968,368.1054161166103,414.57000000000005,272.29999999999995,142.2700000000001


,MONETARY SECTOR,283.7,215.90937535320737,67.79062464679262,644.8384272,807.6904271999999,-162.85199999999998,607.0296586639319,643.829658663932,-36.80000000000018,682.7379962430148,419.53799624301496,263.1999999999998,1102.8999999999999,581,521.8999999999999,853.5,1073,-219.5,988.4999999999998,1233.4999999999998,-245,818.9999999999998,1321.3999999999999,-502.4000000000001,1496.4,1291.2,205.20000000000005,1396.1,1897.5822284861647,-501.4822284861648,2279.3999999999996,2482.9999999999995,-203.5999999999999,2614.6000000000004,3144.9999999999995,-530.3999999999992,3587.4300000000003,2202.66,1384.7700000000004,3716.209999999999,6441.81,-2725.6000000000013,2816.245000000001,3737.2129999999997,-920.9679999999989,5964.339999999998,4903.359999999999,1060.9799999999996
,Government - Assets ,0,5.4,-5.4,16.2,12.5,3.6999999999999993,12.2,13.1,-0.9000000000000004,11.6,11.6,0,27.9,18.9,9,19,74.7,-55.7,75.39999999999999,42.699999999999996,32.699999999999996,9.1,18.4,-9.299999999999999,34.4,74.4,-40.00000000000001,49.099999999999966,85.89999999999998,-36.80000000000001,39.89999999999999,36.7,3.1999999999999886,66.3,37.2,29.099999999999994,39.3,41.16,-1.8599999999999994,40.09,52.59999999999997,-12.50999999999997,63.22,38.09999999999998,25.12000000000002,552.8600000000001,1080.3500000000001,-527.49
,Government - Liabilities,0,0,0,0,0,0,0,0,0,0,0,0,0,0,0,50,0,50,0,50,-50,0,0,0,0,0,0,0,0,0,0,0,0,0,0,0,0,0,0,0,0,0,0,0,0,0,0,0
,Central Bank - Assets,224,92.9,131.1,386.4,481.2,-94.80000000000001,302.2,256.7,45.5,415,70.50000000000023,344.4999999999998,717.8,124.7,593.0999999999999,363.8,597.4,-233.59999999999997,323.9999999999998,749.8999999999999,-425.9000000000001,256.5999999999999,876.1999999999998,-619.5999999999999,734,561,173,672,1173.5,-501.5,1141.4999999999995,1216.6999999999996,-75.20000000000005,1230.4,1930.6999999999994,-700.2999999999993,2127.23,1018.7,1108.53,1318.61,5091.79,-3773.1800000000003,787.4850000000006,2898.6929999999998,-2111.207999999999,3104.49,2128.2299999999987,976.2600000000011
,Central Bank - Liabilities ,59.7,70.8,-11.099999999999994,242.2384272,247.9311,-5.692672799999997,292.6296586639319,291.3412344843897,1.2884241795421758,256.1379962430147,237.79638266942408,18.34161357359062,357.2,340,17.19999999999999,289.9,322.8,-32.900000000000034,323.09999999999997,296.3,26.799999999999955,434.6999999999999,394.3999999999999,40.299999999999955,728,548.4,179.60000000000002,526,599.0341485836321,-73.03414858363215,1098,1085.9,12.099999999999909,1317.9,1173.5,144.4000000000001,1420.9,1066.1,354.8000000000002,1191.11,1202.48,-11.370000000000118,1307.3400000000001,754.36,552.9800000000001,1823.4699999999991,1683.5199999999995,139.9499999999996
,Transactions with IMF,0,46.80937535320735,-46.80937535320735,0,66.0593272,-66.0593272,0,82.68842417954227,-82.68842417954227,0,99.64161357359066,-99.64161357359066,0,97.4,-97.4,130.8,78.1,52.70000000000002,134.4,55.99999999999998,78.40000000000003,118.59999999999997,32.40000000000001,86.19999999999996,0,107.4,-107.4,149,39.14807990253257,109.85192009746743,0,143.69999999999996,-143.69999999999996,0,3.5999999999999943,-3.5999999999999943,0,76.7,-76.7,658.12,94.94000000000001,563.18,658.2,46.059999999999995,612.1400000000001,483.52,11.259999999999998,472.26
,Allocation of SDRs,,,0,0,,0,,,0,,,0,,,0,0,0,0,0,0,0,0,0,0,0,0,0,0,0,0,0,0,0,0,0,0,0,0,0,508.28,0,508.28,0,0,0,0,0,0
,Valuation Adjustments,,,0,0,,0,,,0,,,0,,,0,0,0,0,131.6,38.6,93,0,0,0,0,0,0,0,0,0,0,0,0,0,0,0,0,0,0,0,0,0,0,0,0,0,0,0
,Monetary Gold,,,0,0,,0,,,0,,,0,,,0,0,0,0,0,0,0,0,0,0,0,0,0,0,0,0,0,0,0,0,0,0,0,0,0,0,0,0,0,0,0,0,0,0
,Errors & Omissions,,,80.27320537713592,,,-46.27460902989441,,,-151.24481090864492,,,-72.78066547113383,,,101.28410686037932,,,-99.36896463365906,,,37.64747799707487,,,-148.3111380816858,,,-189.11324731954494,,,-72.1715363094886,,,-105.56429381341104,,,-165.47090353694102,,,727.6539615272313,,,345.75041601566267,,,-880.6462141903846,,,-707.6593593849047

, Overall Balance,,,-67.79062464679262,,,162.85199999999998, , ,36.80000000000018,,,-263.1999999999998,,,-521.8999999999999,,,220.1,,,,,,,,,,,,501.39999999999986,,,203.5999999999999,,,530.5000000000005,,,-1384.77,,,2725.3,,,920.9679999999992,,,-1060.5799999999997

