<new sheet>
sheet_name:  BPM6-Current AC-Annual
,,,,,Current and Capital Account,,,,,,,,,,,,,,,,,,,,,,,,,,,,,,,,,,,,
,USD Mn,,,,,,,,2012,,,2013,,,2014,,,2015,,,2016,,,2017,,,2018,,,2019,,,2020,,,2021,,,2022,,
,,,,,,,,,Credit,Debit,Net,Credit,Debit,Net,Credit,Debit,Net,Credit,Debit,Net,Credit,Debit,Net,Credit,Debit,Net,Credit,Debit,Net,Credit,Debit,Net,Credit,Debit,Net,Credit,Debit,Net,Credit,Debit,Net
,,,Goods and services,,,,,,13573.442598833286,21728.61416724225,-8155.171568408963,15079.332737969711,21507.98996102636,-6428.657223056649,16735.027041080928,23141.633498787312,-6406.606457706386,16943.161923902077,23006.476594069558,-6063.314670167476,17447.85557635424,23441.72409099291,-5993.868514638669,19084.181007257113,25401.22900006307,-6317.047992805957,20263.792551293795,26840.586808691474,-6576.794257397678,19414.32272413749,24561.990205757123,-5147.667481619632,13082.799672526999,18271.335896797198,-5188.5362242702,14973.536498273905,21526.033205506847,-6552.496707232944,16168.76198019841,19243.71666864696,-3074.9546884485526
,,,,Goods,,,,,9773.529592377954,19190.203466200033,-9416.67387382208,10394.251512751653,18002.75538533879,-7608.503872587138,11130.069941786489,19416.766445288293,-8286.696503501804,10546.498918638248,18934.596582931856,-8388.097664293608,10309.740477689851,19182.844729815206,-8873.104252125353,11360.418564997644,20979.796294731204,-9619.37772973356,11889.634107453796,22232.726808691477,-10343.092701237681,11940.01250415349,19937.080205757124,-7997.067701603632,10047.427168937342,16055.375878392373,-6007.94870945503,12498.581959573905,20637.417205506845,-8138.835245932942,13106.439476342724,18291.01652053748,-5184.577044194757
,,,,,General merchandise on a BOP basis,,,,9759.158592377953,19019.803466200032,-9260.644873822079,10392.251512751653,17802.05538533879,-7409.803872587137,11130.069941786489,19405.132899016535,-8275.062957230046,10546.498918638248,18892.23421617213,-8345.735297533884,10309.740477689851,18808.831100704105,-8499.090623014254,11360.418564997644,20329.99789751676,-8969.579332519117,11889.634107453796,21794.021945419696,-9904.3878379659,11940.01250415349,19934.52913634823,-7994.516632194738,10047.427168937342,16046.757895202001,-5999.3307262646595,12498.581959573905,20636.24162149289,-8137.659661918986,13106.439476342724,18289.162879141677,-5182.723402798954
,,,,,Net exports of goods under merchanting,,,,0,0,0,,,,,,,0,0,0,0,0,0,0,0,0,0,0,0,0,0,0,0,0,0,0,0,0,0,0,0
,,,,,Non-monetary gold,,,,14.370999999999999,170.39999999999998,-156.02899999999997,2,200.70000000000002,-198.70000000000002,0,11.633546271759041,-11.633546271759041,0,42.36236675972589,-42.36236675972589,,374.0136291110989,-374.0136291110989,0,649.7983972144435,-649.7983972144435,0,438.70486327177866,-438.70486327177866,0,2.551069408895507,-2.551069408895507,,8.617983190368879,-8.617983190368879,,1.1755840139582825,-1.1755840139582825,,1.853641395802512,-1.853641395802512
,,,,Services,,,,,3799.9130064553324,2538.4107010422163,1261.5023054131161,4685.081225218059,3505.2345756875684,1179.846649530491,5604.957099294441,3724.8670534990233,1880.0900457954174,6396.663005263831,4071.8800111377,2324.7829941261316,7138.115098664389,4258.879361177705,2879.2357374866833,7723.76244225947,4421.432705331866,3302.3297369276047,8374.15844384,4607.86,3766.298443840001,7474.310219984,4624.91,2849.400219984,3035.3725035896546,2215.9600184048268,819.4124851848281,2474.9545387,888.616,1586.3385386999998,3062.322503855686,952.7001481094811,2109.6223557462044
,,,,,Manufacturing services ,,,,0,0,0,0,0,0,0,0,0,0,0,0,0,0,0,0,0,0,0,0,0,0,0,0,0,0,0,0,0,0,0,0,0
,,,,,Maintenance and repair services n.i.e,,,,0,0,0,0,0,0,0,0,0,0,0,0,0,0,0,0,0,0,0,0,0,0,0,0,0,0,0,0,0,0,0,0,0
,,,,,Transport,,,,1633.8787751053326,1172.3600000000001,461.51877510533245,1783.690649206985,1382.014386547546,401.67626265943886,1923.1514699765617,1461.560019850333,461.59145012622884,2104.70000592297,1578.6500039696139,526.0500019533562,2250.146026992921,1618.1456874397245,632.0003395531969,2340.169948972987,1687.89607224123,652.2738767317571,2486.29,1736.54,749.75,2339.25,1709.58,629.6700000000001,1173.9000072982521,1059.46000793845,114.43999935980227,608.25,256,352.25,675.8491763097647,332.69100283273355,343.15817347703126
,,,,,,Sea Transport,,,825.3810000000001,596.628,228.75300000000004,893.4840828117133,685.6642197702228,207.81986304149052,968.7523113977169,722.2860101170895,246.46630128062728,996.6600028290513,762.16500187614,234.49500095291137,1059.377412533544,778.5990091513777,280.7784033821663,1063.529976786568,789.8939804136646,273.6359963729034,1133.6309999999999,818.586,315.04499999999996,1154.925,820.242,334.6830000000001,701.9100048398935,635.0940057617781,66.81599907811537,450.225,150.3,299.925,409.8142537738184,137.42190073502053,272.39235303879786
,,,,,,,Passenger,,0,0,0,0,0,0,0,0,0,0,0,0,0,0,0,0,0,0,0,0,0,0,0,0,0,0,0,0,0,0,0,0,0
,,,,,,,Freight,,825.3810000000001,596.628,228.75300000000004,893.4840828117133,685.6642197702228,207.81986304149052,968.7523113977169,722.2860101170895,246.46630128062728,996.6600028290513,762.16500187614,234.49500095291137,1059.377412533544,778.5990091513777,280.7784033821663,1063.529976786568,789.8939804136646,273.6359963729034,1133.6309999999999,818.586,315.04499999999996,1154.925,820.242,334.6830000000001,701.9100048398935,635.0940057617781,66.81599907811537,450.225,150.3,299.925,409.8142537738184,137.42190073502053,272.39235303879786
,,,,,,Air transport,,,808.4977751053325,575.7320000000001,232.7657751053324,890.2065663952719,696.3501667773231,193.8563996179488,954.3991585788449,739.2740097332434,215.12514884560156,1108.0400030939188,816.4850020934741,291.55500100044475,1190.7686144593772,839.5466782883467,351.2219361710305,1276.639972186419,898.0020918275654,378.63788035885364,1352.6589999999999,917.9540000000001,434.70499999999987,1184.325,889.338,294.98699999999997,471.9900024583586,424.3660021766717,47.624000281686904,158.025,105.69999999999999,52.325,266.03492253594635,195.269102097713,70.76582043823333
,,,,,,,Passenger,,716.7887751053324,509.44,207.34877510533244,790.9305571939703,620.1652534695206,170.76530372444972,846.7600128679874,659.0200086091222,187.74000425886516,997.3000027795799,731.800001885014,265.5000008945658,1073.0600130667613,753.035677271527,320.02433579523426,1158.4699747656891,810.236094003825,348.2338807618643,1226.7,827.0000000000001,399.69999999999993,1056,798.2,257.79999999999995,394.0000019205927,353.80000153647416,40.20000038411854,108,89,19,220.50000544996652,180.00000201604405,40.50000343392246
,,,,,,,Freight,,91.709,66.292,25.417,99.27600920130148,76.18491330780253,23.091095893498945,107.63914571085743,80.25400112412106,27.385144586736363,110.74000031433903,84.68500020845998,26.055000105879046,117.708601392616,86.51100101681975,31.197600375796245,118.1699974207298,87.76599782374052,30.40399959698927,125.959,90.95400000000001,35.004999999999995,128.32500000000002,91.13799999999999,37.18700000000001,77.99000053776595,70.56600064019759,7.423999897568379,50.025000000000006,16.700000000000003,33.325,45.53491708597983,15.269100081668949,30.265817004310875
,,,,,,Other modes of transport,,,0,0,0,0,0,0,0,0,0,0,0,0,0,0,0,0,0,0,0,0,0,0,0,0,0,0,0,0,0,0,0,0,0
,,,,,,Postal and courier services,,,0,0,0,0,0,0,0,0,0,0,0,0,0,0,0,0,0,0,0,0,0,0,0,0,0,0,0,0,0,0,0,0,0
,,,,,Travel,,,,1038.74423135,710.4,328.3442313500001,1715.4747186999998,1188.1001076174005,527.3746110825994,2431.1054037600006,1262.527018918135,1168.5783848418655,2980.652995799999,1419.6300039590737,1561.0229918409257,3518.4894124799994,1541.7754462851017,1976.7139661948977,3924.9318080820003,1598.801300115983,2326.130507966017,4380.628443840002,1660,2720.628443840001,3606.9302199839995,1638,1968.9302199839997,682.40748492,448.80000307294836,233.60748184705162,506.90453869999993,238.696,268.2085386999999,1136.3085996016,243.6241508363659,892.684448765234
,,,,,Construction,,,,49.5,8.61,40.89,55.15000498729047,26.020001895065775,29.130003092224698,58.120000932197954,28.77000032901104,29.350000603186913,60.490000163204684,30.21000007820225,30.280000085002442,63.16607210532196,29.202857645431124,33.96321445989084,68.76999862097159,31.794285063357933,36.975713557613645,65.16999999999999,32.9,32.269999999999996,67.32000000000001,35.339999999999996,31.98000000000001,7.000000055483788,10.48000002902229,-3.4799999735385025,9.65,10.969999999999999,-1.3199999999999994,9.051916515691643,10.607990228638585,-1.5560737129469402
,,,,,Insuarance and pension services,,,,107.01,63.849534876257295,43.16046512374271,109.10000986198754,85.40000763805017,23.700002223937375,115.16000180407721,89.52000124293059,25.64000056114661,119.06000033490963,92.00000026690765,27.06000006800196,121.00142998892215,89.41785819331915,31.583571795602996,123.27321164161366,94.4192833718692,28.853928269744458,130,97.38,32.62,137.48,101.8,35.68000000000001,39.40000064019757,81.85000080238096,-42.45000016218339,20.35,37.2,-16.85,18.722000677948788,36.40200062700527,-17.679999949056487
,,,,,Financial services,,,,232.428,278.6106996995753,-46.18269969957532,235.34402070807434,327.88802837882054,-92.5440076707462,255.72000393716547,349.5540052027613,-93.8340012655958,253.88400069872006,379.5300011750737,-125.64600047635368,251.7801458583533,402.6085760522521,-150.82843019389873,263.1959943742984,415.4999916025108,-152.30399722821244,242.14199999999997,447.09000000000003,-204.94800000000004,212.60999999999999,470.142,-257.532,95.60400153647417,220.2000019974164,-124.59600046094224,94.80000000000001,101.52,-6.719999999999999,91.74360100405696,96.4140007765387,-4.670399772481726
,,,,,Charges for the use of intellectual property,,,,0,0,0,0,0,0,0,0,0,0,0,0,0,0,0,0,0,0,0,0,0,0,0,0,0,0,0,0,0,0,0,0,0
,,,,,"Telecommunication, computer and information services",,,,672.914,207.16534984978767,465.7486501502123,718.6620656465617,367.8040321013327,350.858033545229,747.900217692687,398.1570060103006,349.74321168238635,804.8620021361114,429.4850012692565,375.3770008668549,858.3504389722806,442.8403627859665,415.51007618631405,925.6654823170943,455.0017759008164,470.6637064162779,994.971,484.235,510.736,1054.0349999999999,514.801,539.2339999999999,994.8020087066869,288.47000333542934,706.3320053712577,1200.6999999999998,170.81,1029.8899999999999,1097.0918093839284,161.05700199718004,936.0348073867483
,,,,,,Telecommunications services,,,108.89,67.86,41.03,114.25001051425573,86.90000740551281,27.350003108742925,120.01000177300395,97.88000151710646,22.130000255897475,128.21000032980947,102.2800002890083,25.930000040801175,134.3300017634225,105.4282156561209,28.901786107301596,139.99999705788855,109.62178349188773,30.37821356600083,147.4,111.99,35.41000000000001,155.08,134.52999999999997,20.550000000000026,24.000000256079026,31.70000016004939,-7.699999903970364,32.3,30.549999999999997,1.75,31.2200007119307,28.120000388672842,3.1000003232578575
,,,,,,Computer services,,,564.0240000000001,139.30534984978766,424.71865015021245,604.4120551323059,280.90402469581994,323.50803043648597,627.890215919683,300.2770044931941,327.6132114264888,676.6520018063018,327.20500098024814,349.4470008260537,724.0204372088581,337.4121471298456,386.6082900790124,785.6654852592056,345.37999240892873,440.28549285027697,847.571,372.245,475.326,898.9549999999999,380.2710000000001,518.684,970.8020084506079,256.77000317538,714.0320052752279,1168.4,140.26,1028.1399999999999,1065.8718086719975,132.9370016085072,932.9348070634906
,,,,,Other business services,,,,38.738,46.43511661659589,-7.697116616595892,39.22400345134573,54.64800472980343,-15.424001278457702,42.62000065619425,58.259000867126886,-15.639000210932634,42.31400011645334,63.25500019584563,-20.941000079392282,41.96335764305889,67.10142934204201,-25.138071698983115,43.86599906238307,69.24999860041848,-25.3839995380354,40.357,74.515,-34.158,35.435,78.357,-42.92200000000001,15.934000256079027,36.70000033290274,-20.76600007682371,15.8,16.92,-1.120000000000001,15.290600167342827,16.069000129423117,-0.7783999620802886
,,,,,"Personal, cultural and recreational services",,,,0,0,0,0,0,0,0,0,0,0,0,0,0,0,0,0,0,0,0,0,0,0,0,0,0,0,0,0,0,0,0,0,0
,,,,,Government goods and services n.i.e,,,,26.700000000000003,50.98,-24.279999999999994,28.435752655814774,73.36000677954938,-44.924254123734606,31.180000535556857,76.52000107842508,-45.340000542868225,30.700000091462627,79.12000022372644,-48.420000132263795,33.21821462353037,67.78714343386712,-34.56892881033674,33.889999188122204,68.76999843567981,-34.879999247557606,34.6,75.2,-40.60000000000001,21.25,76.89,-55.64,26.32500017648113,70.00000089627659,-43.67500071979546,18.5,56.5,-38,18.26480019535233,55.83500068159584,-37.57020048624351

,,,,Primary Income,,,,,142.25474559884927,1360.8089857386283,-1218.554240139779,131.7807088176171,1883.1939904987341,-1751.413281681117,155.19624001169524,1963.3192718053324,-1808.1230317936374,127.32215153747535,2140.0922480279214,-2012.7700964904461,127.00195134296338,2328.579291744185,-2201.5773404012216,173.03596271191205,2491.566103149183,-2318.5301404372713,248.61893021474748,2633.4343776484698,-2384.815447433722,251.75395588246366,2713.440755777505,-2461.686799895041,198.29932145667374,2403.6546339027745,-2205.3553124461005,115.95575699737256,2075.2381464865493,-1959.2823894891767,249.4312195477081,2123.595388879557,-1874.1641693318488
,,,,,Compensation of employees,,,,14.290000000000001,33.84,-19.550000000000004,15.230001199436272,66.00000590965851,-50.77000471022224,18.51000030707697,68.34000106928588,-49.83000076220891,19.430000043181238,82.55000021590621,-63.120000172724964,20.320000264436715,87.63000102299894,-67.31000075856221,26.33999948687573,96.32999797873896,-69.98999849186323,27.619999999999997,101.83,-74.21000000000001,31.490000000000002,130.44,-98.95,36.480000363632215,132.20000107553193,-95.7200007118997,30.400000000000002,73.6,-43.2,29.91150027973312,68.50000233194118,-38.58850205220806
,,,,,Investment Income,,,,127.96474559884925,1326.9689857386281,-1199.0042401397789,116.55070761818084,1817.1939845890756,-1700.6432769708947,136.68623970461823,1894.9792707360466,-1758.2930310314282,107.89215149429411,2057.5422478120154,-1949.6500963177214,106.68195107852665,2240.949290721186,-2134.26733964266,146.69596322503634,2395.2361051704447,-2248.5401419454083,220.9989302147475,2531.6043776484694,-2310.605447433722,220.26395588246362,2583.000755777505,-2362.7367998950413,161.81932109304154,2271.4546328272427,-2109.635311734201,85.55575699737255,2001.6381464865492,-1916.0823894891769,219.519719267975,2055.095386547616,-1835.5756672796406
,,,,,,Direct Investment,,,15,445.9976684045226,-430.9976684045226,6.164821503442642,736.5386989565727,-730.37387745313,16.53226142773038,669.7758178147585,-653.2435563870281,16.5,787.22195925257,-770.72195925257,14.532452349386798,949.472251814025,-934.9397994646381,27.089441451001623,914.6110707702527,-887.5216293192511,22.89671138945552,783.240635215072,-760.3439238256165,26.308417669011313,854.5115735381424,-828.2031558691313,16.858417669011317,635.7334852057494,-618.8750675367381,16.092512288876588,566.8471115201894,-550.7545992313127,14.972179176457587,532.4399179318946,-517.467738755437
,,,,,,,Dividends ,,15,200.37766840452258,-185.37766840452258,6.164821503442642,386.39569895657263,-380.23087745313,16.53226142773038,289.35006870987365,-272.81780728214324,16.5,435.250004438299,-418.750004438299,14.532452349386798,499.6314244105328,-485.09897206114607,14.098795981593355,414.17714595586546,-400.0783499742721,13.003094378843105,558.3891793147092,-545.386084935866,13.618417669011315,594.5051909827874,-580.8867733137761,13.618417669011315,444.77859352782525,-431.1601758588139,12.052512288876589,277.80084071193914,-265.7483284230625,11.532179176457587,418.04994143201276,-406.5177622555551
,,,,,,,Re-invested earnings,,,245.62,-245.62,,350.14300000000003,-350.14300000000003,,380.42574910488497,-380.42574910488497,,351.97195481427093,-351.97195481427093,0,449.84082740349214,-449.84082740349214,12.990645469408268,500.4339248143873,-487.44327934497903,9.893617010612411,224.8514559003627,-214.9578388897503,12.689999999999998,260.00638255535506,-247.31638255535506,3.24,190.95489167792422,-187.71489167792421,4.04,289.04627080825026,-285.00627080825024,3.4400000000000004,114.38997649988184,-110.94997649988184
,,,,,,,Interest,,,0,0,,0,0,,0,0,,0,0,0,0,0,,0,0,,0,0,0,0,0,,0,0,0,0,0,0,0,0
,,,,,,Portfolio Investment,,,,408.1664343112885,-408.1664343112885,,645.1101326403956,-645.1101326403956,,827.6955732325054,-827.6955732325054,,843.8412559928058,-843.8412559928058,0,829.2717010326215,-829.2717010326215,,954.4320842067159,-954.4320842067159,,1037.2472987086035,-1037.2472987086035,0,1043.5503387899385,-1043.5503387899385,,942.7824090821739,-942.7824090821739,,830.069209757484,-830.069209757484,,784.1987542656394,-784.1987542656394
,,,,,,,Equity,,,0,0,,21.357145651793996,-21.357145651793996,,69.41106742999621,-69.41106742999621,,80.01248683250199,-80.01248683250199,0,72.83995063418296,-72.83995063418296,,81.64322242516468,-81.64322242516468,,70.26328207358358,-70.26328207358358,0,67.25185022424604,-67.25185022424604,,35.07622468017226,-35.07622468017226,,25.046853936536337,-25.046853936536337,,29.10246228438183,-29.10246228438183
,,,,,,,Interest,,,408.1664343112885,-408.1664343112885,,623.7529869886016,-623.7529869886016,,758.2845058025091,-758.2845058025091,,763.8287691603036,-763.8287691603036,0,756.4317503984385,-756.4317503984385,,872.7888617815511,-872.7888617815511,,966.98401663502,-966.98401663502,0,976.2984885656924,-976.2984885656924,,907.7061844020016,-907.7061844020016,,805.0223558209477,-805.0223558209477,,755.0962919812577,-755.0962919812577
,,,,,,,    short-term,,,45.84311680996498,-45.84311680996498,,48.3051700362994,-48.3051700362994,,61.20374876495565,-61.20374876495565,,26.679556956346538,-26.679556956346538,0,1.0959665396108769,-1.0959665396108769,,6.408604436708226,-6.408604436708226,,4.442116733786248,-4.442116733786248,0,7.510170895082989,-7.510170895082989,,2.2121047330120747,-2.2121047330120747,,0.14463292474017186,-0.14463292474017186,,0.6079627299195168,-0.6079627299195168
,,,,,,,    long-term,,,362.3233175013236,-362.3233175013236,,575.4478169523022,-575.4478169523022,,697.0807570375536,-697.0807570375536,,737.1492122039572,-737.1492122039572,0,755.3357838588277,-755.3357838588277,,866.3802573448429,-866.3802573448429,,962.5418999012337,-962.5418999012337,0,968.7883176706093,-968.7883176706093,,905.4940796689896,-905.4940796689896,,804.8777228962075,-804.8777228962075,,754.4883292513382,-754.4883292513382
,,,,,,,         Actual ISB coupon payments,,,,,,,,,,,,,,,,,,,,,,,,,,,,,,,,,190.89298325000001,
,,,,,,,         Accrued ISB coupon payments,,,,,,,,,,,,,,,,,,,,,,,,,,,,,,,,,550.52958975,
,,,,,,,         Actual non resident T bond payments,,,,,,,,,,,,,,,,,,,,,,,,,,,,,,,,,0,
,,,,,,,         Actual other sectors coupon payments,,,,,,,,,,,,,,,,,,,,,,,,,,,,,,,,,6.125,
,,,,,,,         Accrued other sectors coupon payments,,,,,,,,,,,,,,,,,,,,,,,,,,,,,,,,,6.125,
,,,,,,Other Investment,,,22.795096392401227,472.80488302281714,-450.00978663041593,19.885430103963678,435.5451529921075,-415.6597228881438,18.313548867206737,397.5078796887826,-379.1943308215759,25.191000973110203,426.47903256663955,-401.28803159352924,44.65629053756784,462.20533787453974,-417.5490473369719,55.31416785110522,526.192950193476,-470.87878234237076,88.43770004641036,711.1164437247942,-622.6787436783839,96.81784260000265,684.9388434494241,-588.1210008494213,56.18727034533909,692.938738539319,-636.7514681939799,42.70333478903167,604.7218252088758,-562.018490419844,200.01036152607907,738.4567143500816,-538.4463528240026
,,,,,,,        Government -  Interest Payments,,,,,,,,,,,,,,,,,,,,,,,,,,,,,,,,,272.69631906821934,
,,,,,,,        Government - Accrued Interest ,,,,,,,,,,,,,,,,,,,,,,,,,,,,,,,,,133.1118044067273,
,,,,,,,        Central Bank -  Interest Payments,,,,,,,,,,,,,,,,,,,,,,,,,,,,,,,,,58.29007284453694,
,,,,,,,        Central Bank - Accrued Interest,,,,,,,,,,,,,,,,,,,,,,,,,,,,,,,,,3.0967401099942062,
,,,,,,,        Commercial Bank - Interest Payments,,,,,,,,,,,,,,,,,,,,,,,,,,,,,,,,,125.15373813721972,
,,,,,,,        Other Sectors - Interest Payments,,,,,,,,,,,,,,,,,,,,,,,,,,,,,,,,,130.28849015180802,
,,,,,,,        Other Sectors - Accrued Interest,,,,,,,,,,,,,,,,,,,,,,,,,,,,,,,,,15.819549631576168,
,,,,,,Reserve assets,,,90.16964920644801,,90.16964920644801,90.50045601077451,,90.50045601077451,101.84042940968112,,101.84042940968112,66.2011505211839,,66.2011505211839,47.49320819157202,,47.49320819157202,64.29235392292948,,64.29235392292948,109.66451877888161,,109.66451877888161,97.13769561344967,,97.13769561344967,88.77363307869115,,88.77363307869115,26.759909919464288,,26.759909919464288,4.537178565438345,,4.537178565438345
,,,,,Other primary income,,,,0,0,0,0,0,0,0,0,0,0,0,0,0,0,0,0,0,0,0,0,0,0,0,0,0,0,0,0,0,0,0,0,0

,,,,Secondary Income,,,,,6038.275546840243,646.2809895321623,5391.99455730808,6427.895351220368,788.4000000000001,5639.495351220368,7045.765265275018,818.7199999999999,6227.045265275017,7007.040682732486,813.73,6193.3106827324855,7260.49613981095,807.45,6453.04613981095,7174.682510236261,848.0999999999999,6326.582510236261,7023.006639280849,860.45,6162.5566392808505,6726.0540583538605,960.1,5765.95405835386,7116.771383509944,910,6206.771383509944,5497.506879033804,270,5227.506879033804,3792.8137919020446,296.43,3496.3837919020452
,,,,,General Government,,,,53.013222465307265,,53.013222465307265,20.938725276253937,,20.938725276253937,27.948714937149386,,27.948714937149386,26.739207986965322,,26.739207986965322,18.964614954009903,,18.964614954009903,10.726494689668172,,10.726494689668172,7.587086888256202,,7.587086888256202,8.8420140056581,0,8.8420140056581,12.837021741403305,,12.837021741403305,6.042408438296398,,6.042408438296398,3.3514853320003097,,3.3514853320003097
,,,,,"Financial corporations, non financial corporations, households",,,,5985.262324374936,646.2809895321623,5338.981334842773,6406.956625944114,788.4000000000001,5618.556625944115,7017.816550337868,818.7199999999999,6199.096550337868,6980.301474745522,813.73,6166.571474745521,7241.53152485694,807.45,6434.081524856941,7163.956015546592,848.0999999999999,6315.856015546593,7015.419552392594,860.45,6154.969552392594,6717.212044348202,960.1,5757.112044348201,7103.934361768541,910,6193.934361768541,5491.464470595507,270,5221.464470595507,3789.4623065700443,296.43,3493.032306570045
,,,,,,,Personal transfers,,5985.262324374936,646.2809895321623,5338.981334842773,6406.956625944114,788.4000000000001,5618.556625944115,7017.816550337868,818.7199999999999,6199.096550337868,6980.301474745522,813.73,6166.571474745521,7241.53152485694,807.45,6434.081524856941,7163.956015546592,848.0999999999999,6315.856015546593,7015.419552392594,860.45,6154.969552392594,6717.212044348202,960.1,5757.112044348201,7103.934361768541,910,6193.934361768541,5491.464470595507,270,5221.464470595507,3789.4623065700443,296.43,3493.032306570045
,,,,,,,"of which, worker's remittances",,5985.262324374936,0,5985.262324374936,6406.956625944114,,,7017.816550337868,,,6980.301474745522,,,7241.53152485694,,,7163.956015546592,,,7015.419552392594,,,6717.212044348202,0,0,7103.934361768541,,,5491.464470595507,,,3789.4623065700443,,
,,,,,Other current tranfers,,,,,,,,,,,,,0,0,0,0,0,0,0,0,0,0,0,0,0,0,0,0,0,0,0,0,0,0,0,0

,,Current Account ,,,,,,,19753.97289127238,23735.70414251304,-3981.7312512406606,21639.008798007693,24179.583951525092,-2540.5751535173986,23935.988546367644,25923.672770592646,-1987.684224225004,24077.52475817204,25960.298842097476,-1882.7740839254357,24835.353667508152,26577.75338273709,-1742.3997152289385,26431.899480205288,28740.89510321225,-2308.9956230069656,27535.418120789393,30334.471186339943,-2799.0530655505527,26392.130738373817,28235.530961534627,-1843.4002231608129,20397.870377493615,21584.99053069997,-1187.1201532063578,20586.99913430508,23871.271351993397,-3284.2722176883153,20211.00699164816,21663.742057526517,-1452.735065878358

,,Capital Account,,,,,,,145.82503517172626,15.482164238908474,130.3428709328178,89.55519738875408,18.67017446965961,70.88502291909447,72.82475631184887,14.57,58.254756311848865,70.67852911864989,24.38,46.29852911864989,56.409999200304114,31.14,25.269999200304113,40.19063299509804,29.259999999999998,10.930632995098037,41.61030422104723,27.25,14.360304221047233,50.85088315336504,27.740000000000002,23.110883153365045,51.180183234034715,23.119999999999997,28.060183234034714,49.521615671121886,24.4,25.121615671121887,38.02418704514343,18.6725,19.35168704514343
,,,Gross acquisitions (Dr) / Disposals (Cr),,,,,,0,0,0,0,0,0,0,0,0,0,0,0,0,0,0,0,0,0,0,0,0,0,0,0,0,0,0,0,0,0,0,0,0
,,,Capital Transfers,,,,,,145.82503517172626,15.482164238908474,130.3428709328178,89.55519738875408,18.67017446965961,70.88502291909447,72.82475631184887,14.57,58.254756311848865,70.67852911864989,24.38,46.29852911864989,56.409999200304114,31.14,25.269999200304113,40.19063299509804,29.259999999999998,10.930632995098037,41.61030422104723,27.25,14.360304221047233,50.85088315336504,27.740000000000002,23.110883153365045,51.180183234034715,23.119999999999997,28.060183234034714,49.521615671121886,24.4,25.121615671121887,38.02418704514343,18.6725,19.35168704514343
,,,,General Government,,,,,98.45312743557065,0,98.45312743557065,38.8862040844716,,38.8862040844716,51.90475631184887,,51.90475631184887,49.658529118649895,,49.658529118649895,35.21999920030411,0,35.21999920030411,19.92063299509804,0,19.92063299509804,14.090304221047235,0,14.090304221047235,16.420883153365047,0,16.420883153365047,23.840183234034708,0,23.840183234034708,11.221615671121883,,11.221615671121883,6.224187045143433,,6.224187045143433
,,,,"Financial corporations, non financial corporations, households",,,,,47.371907736155606,15.482164238908474,31.88974349724713,50.66899330428248,18.67017446965961,31.99881883462287,20.92,14.57,6.35,21.019999999999996,24.38,-3.3599999999999994,21.19,31.14,-9.949999999999998,20.27,29.259999999999998,-8.989999999999998,27.520000000000003,27.25,0.27000000000000224,34.43,27.740000000000002,6.689999999999999,27.339999999999996,23.119999999999997,4.220000000000001,38.300000000000004,24.4,13.9,31.799999999999997,18.6725,13.127499999999998

,,Current Account + Capital Account,,,,,,,19899.797926444106,23751.186306751948,-3851.3883803078425,21728.56399539645,24198.25412599475,-2469.690130598301,24008.813302679493,25938.242770592646,-1929.4294679131544,24148.203287290693,25984.678842097477,-1836.475554806785,24891.76366670846,26608.893382737093,-1717.129716028635,26472.090113200386,28770.15510321225,-2298.064990011868,27577.028425010438,30361.721186339943,-2784.6927613295065,26442.981621527182,28263.270961534625,-1820.2893400074472,20449.05056072765,21608.110530699974,-1159.0599699723252,20636.520749976204,23895.6713519934,-3259.150602017193,20249.031178693305,21682.41455752652,-1433.383378833215

<new sheet>
sheet_name:  BPM6-Financial AC - Annual

,,,,,,,,,2012,,2013,,2014,,2015,,2016,,2017,,2018,,2019,,2020,,2021,,2022,
,,,,,,,,,Net Incurrence of Liabilities,Net Acquisition of Financial Assets,Net Incurrence of Liabilities,Net Acquisition of Financial Assets,Net Incurrence of Liabilities,Net Acquisition of Financial Assets,Net Incurrence of Liabilities,Net Acquisition of Financial Assets,Net Incurrence of Liabilities,Net Acquisition of Financial Assets,Net Incurrence of Liabilities,Net Acquisition of Financial Assets,Net Incurrence of Liabilities,Net Acquisition of Financial Assets,Net Incurrence of Liabilities,Net Acquisition of Financial Assets,Net Incurrence of Liabilities,Net Acquisition of Financial Assets,Net Incurrence of Liabilities,Net Acquisition of Financial Assets,Net Incurrence of Liabilities,Net Acquisition of Financial Assets

,,Financial Account,,,,,,,5440.434375241211,1176.9858164194438,4049.4772126640487,985.7287968917807,4124.093124517813,2588.0381924074522,3223.0824216897936,910.825341971732,2212.6021051418024,30.757733929097725,5060.681008142339,2937.88563274253,2815.7137283606753,-561.9705825224823,2974.386937811007,514.4708017902601,-1718.429067676889,-2112.7803342016186,2098.226583123165,-2112.7105328807447,2030.0696044270003,83.67637410960769
,,,Direct Investments,,,,,,941.1165912304076,63.92564850261233,932.551317582881,65.07332977384074,893.6289802870662,66.82332977384073,679.6556442447886,52.98732445455812,897.0493758835337,236.80813680070298,1372.7230431340158,71.7913756868732,1614.044009228835,67.85657053670907,743.4662314680313,77.36278374838899,434.07566846641987,14.542783748388985,592.2899699029708,17.440715284272247,898.295213769499,15.133593251065106
,,,,Equity and investment fund shares,,,,,360.09655215621365,63.92564850261233,410.4025676651681,65.07332977384074,468.5985812922698,66.82332977384073,438.9083351300773,52.98732445455812,709.6385462367397,234.6552052228227,532.3051926653019,67.7913756868732,462.7551092763682,58.15657053670907,369.51375180494426,64.78768523838899,211.33366846641988,10.337685238388984,311.7419699029707,12.635616774272247,288.6538149801536,10.528494741065106
,,,,,Equity other than reinvestment of earnings,,,,111.13578115621367,63.92564850261233,60.25956766516801,65.07332977384074,88.17283218738493,66.82332977384073,86.93638031580639,52.98732445455812,259.7977188332475,234.6552052228227,31.871267850914613,54.800730217464924,237.90365337600548,48.26295352609666,109.50736924958925,52.09768523838898,20.378776788495664,7.0976852383889835,22.695699094720542,8.595616774272246,124.66949420521397,7.088494741065107
,,,,,,Direct investor in direct investment enterprise,,,111.13578115621367,63.92564850261233,60.25956766516801,65.07332977384074,88.17283218738493,66.82332977384073,86.93638031580639,52.98732445455812,259.7977188332475,234.6552052228227,31.871267850914613,54.800730217464924,237.90365337600548,48.26295352609666,109.50736924958925,52.09768523838898,20.378776788495664,7.0976852383889835,22.695699094720542,8.595616774272246,124.66949420521397,7.088494741065107
,,,,,,   - BOI companies,,,11.625999999999998,0,16.47,0,10.349000000000002,0,36.292,0,107.26499999999997,0,37.5,0,117.55630000000002,0,137.84300000000002,0,28.854999999999997,0,29.271999999999995,0,71.56099999999999,0
,,,,,,   - CSE companies (not registered with BOI),,,32.819028156213655,0,44.24747242687122,0,-15.441687511496685,0,64.13844909573808,0,-5.285125166752499,0,-80.05519492746924,0,-50.98981630495587,0,-30.5089670810279,0,-8.476223211504335,0,-5.765153858119344,0,44.82009469820426,0
,,,,,,   - Other companies,,,66.690753,0,-0.4579047617032094,0,93.26551969888162,0,-13.494068779931702,0,157.817844,0,74.42646277838386,0,171.33716968096135,0,2.1733363306171416,0,0,0,-0.8111470471601059,0,8.288399507009705,0
,,,,,Reinvestment of earnings,,,,248.960771,0,350.14300000000003,0,380.42574910488486,0,351.97195481427093,0,449.84082740349214,0,500.4339248143873,12.990645469408266,224.8514559003627,9.893617010612411,260.006382555355,12.69,190.95489167792422,3.24,289.04627080825026,4.04,163.98432077493965,3.4400000000000004
,,,,,,   - BOI companies,,,,,,,,,,,,,,,,,,,199.21300000000002,0,283.71799999999996,0,153.346,0
,,,,,,   - CSE companies (not registered with BOI),,,,,,,,,,,,,,,,,,,-8.258108322075802,0,5.3282708082502115,0,-38.956023500118164,0
,,,,,,   - Other companies,,,,,,,,,,,,,,,,,,,,,,,49.594344275057786,0
,,,,Debt Instruments,,,,,581.020039074194,0,522.148749917713,0,425.03039899479626,0,240.7473091147113,0,187.41082964679418,2.152931577880278,840.4178504687138,4,1151.2888999524666,9.700000000000001,373.95247966308705,12.57509851,222.74200000000002,4.20509851,280.548,4.8050985100000005,609.6413987893454,4.6050985099999995
,,,,,Direct investor in direct investment enterprise,,,,581.020039074194,0,522.148749917713,0,425.03039899479626,0,240.7473091147113,0,187.41082964679418,2.152931577880278,840.4178504687138,4,1151.2888999524666,9.700000000000001,373.95247966308705,12.57509851,222.74200000000002,4.20509851,280.548,4.8050985100000005,609.6413987893454,4.6050985099999995
,,,,,,   - BOI companies,,,581.020039074194,0,517.3978041716891,0,424.10039899479625,0,95.32265036693254,0,105.33056164679417,0,732.1915188958762,0,1073.3039708725535,0,314.48729687584125,0,222.74200000000002,0,280.548,0,568.247517998118,0
,,,,,,,Shareholder Advance,,364.15,0,370.43,0,207.964,0,126.207,0,110.952,0,752.584,0,1413.62,0,216.022,0,116.819,0,161.696,0,203.82999999999998,0
,,,,,,,Intra Company Borrowings,,-20.499960925806054,0,-2.605195828310831,0,223.54100000000003,0,76.308,0,82.745,0,98.62099999999998,0,89.44699999999999,0,115.38219999999998,0,105.923,0,118.852,0,364.528,0
,,,,,,,Debt Repayments,,217.37,0,149.573,0,-7.4046010052037134,0,-107.19234963306747,0,-88.36643835320585,0,-119.01348110412377,0,-429.7630291274462,0,-16.916903124158708,0,0,0,0,0,-0.110482001881987,0
,,,,,,   - CSE companies (not registered with BOI),,,0,0,4.750945746023799,0,0.9299999999999999,0,145.42465874777878,0,82.080268,0,108.22633157283775,0,77.984929079913,0,59.46518278724578,0,0,0,0,0,0,0
,,,,,,   - Other companies,,,0,0,0,0,0,0,0,0,0,0,0,0,0,0,0,0,0,0,0,0,41.393880791227424,0

,,,Portfolio Investments,,,,,,2115.678096511988,-9.986648065684555,2068.4467008338916,0.01224908948467468,2065.037291572741,-0.22022975839298425,686.444155283013,0.022683515388706943,992.991050576112,-0.005016103102611413,1771.4938521819472,-0.08559208185938375,129.13816709954324,0,2313.0811326825715,0,-2383.098882521803,0,-1547.4069689577775,0,355.4853774383067,0
,,,,Equity and investment fund shares,,,,,272.35097184378634,0,225.68054726414843,0,178.06137342548328,0,-60.123100902481056,0,24.368776241676372,0,358.6386566601487,0,-4.4010805263423265,0,-4.367751530965123,0,-216.7418098965273,0,-232.21625394958915,0,137.02842483224993,0
,,,,,,   - CSE companies (not registered with BOI),,,272.35097184378634,0,225.68054726414843,0,178.06137342548328,0,-60.123100902481056,0,24.368776241676372,0,358.6386566601487,0,-4.4010805263423265,0,-4.367751530965123,0,-216.7418098965273,0,-232.21625394958915,0,137.02842483224993,0
,,,,,,,     Secondary market net foreign inflows,,,,,,,,,,,,,,,,,,,,-264.56520683103395,0,79.255551802597,0
,,,,,,,     Reclassified secondary market inflows as direct investments,,,,,,,,,,,,,,,,,,,,5.765153858119344,0,-44.82009469820426,0
,,,,,,,     Primary market inflows,,,,,,,,,,,,,,,,,,,,26.58379902332544,0,102.59296772785714,0
,,,,Debt securities,,,,,1843.3271246682016,-9.986648065684555,1842.7661535697434,0.01224908948467468,1886.9759181472582,-0.22022975839298425,746.567256185494,0.022683515388706943,968.6222743344356,-0.005016103102611413,1412.8551955217986,-0.08559208185938375,133.53924762588565,0,2317.4488842135365,0,-2166.3570726252756,0,-1315.1907150081881,0,218.45695260605675,0
,,,,,Central Bank,,,,0,0,0,0,0,0,0,0,0,0,0,0,0,0,0,0,0,0,0,0,0,0
,,,,,"Deposit taking corporations, other than the central bank",,,,500,-9.986648065684555,1350,0.01224908948467468,250,-0.22022975839298425,0,0.022683515388706943,0,-0.005016103102611413,-500,-0.08559208185938375,-1350,0,-250,0,0,0,0,0,0,0
,,,,,,Short-term,,,0,0,0,0,0,0,0,0,0,0,0,0,0,0,0,0,0,0,0,0,0,0
,,,,,,Long-term,,,500,-9.986648065684555,1350,0.01224908948467468,250,-0.22022975839298425,0,0.022683515388706943,0,-0.005016103102611413,-500,-0.08559208185938375,-1350,0,-250,0,0,0,0,0,0,0
,,,,,General Government,,,,1343.3271246682016,0,492.76615356974355,0,1461.9759181472582,0,746.567256185494,0,968.6222743344356,0,1912.8551955217986,0,1483.5392476258853,0,2567.4488842135365,0,-2166.3570726252756,0,-1315.1907150081881,0,212.33195260605675,0
,,,,,,Short-term (Treasury Bills),,,37.75984084111985,0,-79.53253850964433,0,-172.73338882681074,0,-392.4308559095038,0,36.411466333816946,0,80.50502605216928,0,-96.437069258483,0,54.53122819171744,0,-121.92672293448382,0,-2.2570635026963535,0,29.780573276638282,0
,,,,,,Long-term,,,1305.5672838270818,0,572.2986920793878,0,1634.7093069740688,0,1138.9981120949979,0,932.2108080006186,0,1832.3501694696295,0,1579.9763168843685,0,2512.9176560218193,0,-2044.4303496907917,0,-1312.933651505492,0,182.55137932941844,0
,,,,,,,     Treasury Bonds,,805.5672838270818,0,572.2986920793878,0,59.6093069740688,0,-701.001887905002,0,-360.6891919993814,0,360.0701694696294,0,-893.6336831156311,0,-388.1823439781806,0,-430.79621466356355,0,-25.066336856930374,0,20.832789579418442,0
,,,,,,,     SLDBs,,0,0,0,0,75.1,0,190.00000000000003,0,-207.10000000000002,0,-27.720000000000002,0,-26.39,0,1.1000000000000005,0,21.56,0,-2.4299999999999997,0,2.242000000000001,0
,,,,,,,     Sovereign Bonds,,500,0,0,0,1500,0,1650,0,1500,0,1500,0,2500,0,2900,0,-1635.1941350272282,0,-1285.4373146485616,0,159.47658975,0
,,,,,,,       Issuances of new Sovereign Bonds,,0,0,0,0,0,0,0,0,0,0,0,0,0,0,0,0,-859.064,0,0,0,0,0
,,,,,,,       Maturities of non resident holdings,,0,0,0,0,0,0,0,0,0,0,0,0,0,0,0,0,-776.1301350272279,0,-699.93,0,-391.053,0
,,,,,,,       Secondary market transactions by non residents,,,,,,,,,,,,,,,,,,0,0,-585.5073146485616,0,0,0
,,,,,,,       Accrued Interest of ISB coupon payments,,,,,,,,,,,,,,,,,,0,0,0,0,550.52958975,0
,,,,,Other Sectors,,,,0,0,0,0,175,0,0,0,0,0,0,0,0,0,0,0,0,0,0,0,6.125,0
,,,,,,Long-term,,,0,0,0,0,175,0,0,0,0,0,0,0,0,0,0,0,0,0,0,0,6.125,0
,,,,,,,       Issuances of new International Bonds,,,,,,,,,,,,,,,,,,,,,,0,0
,,,,,,,       Maturities of non resident holdings,,,,,,,,,,,,,,,,,,,,,,0,0
,,,,,,,       Accrued Interest of International Bonds,,,,,,,,,,,,,,,,,,,,,,6.125,0
,,,Financial Derivatives,,,,,,0,0,0,0,0,0,0,0,0,0,0,0,0,0,0,0,0,0,0,0,0,0
,,,Other investment ,,,,,,2383.6396874988145,362.63772534599894,1048.479194247276,-191.05275295316696,1165.4268526580054,972.9448077760547,1856.982622161992,503.407129477917,322.5616786821571,266.0192567994575,1916.4641128263763,81.88648243996892,1072.531552032298,372.0875270756042,-82.16042633959569,99.8482266592745,230.5941463784938,-135.80451763027943,3053.3435821779713,386.68856419318445,776.2890132191947,1302.3445555827232
,,,,Other equity,,,,,0,,0,0,0,0,0,,0,0,0,0,0,0,0,0,0,0,0,0,0,0
,,,,Currency & deposits,,,,,446.71945335684654,161.86702827530456,107.71334773192993,-458.7074533502303,-292.24479755108183,275.6858647475146,1456.9849585777165,142.68801850702096,-609.2011173781777,4.821060200788679,-228.35869432020576,78.3274092650745,-632.4300548601866,79.54954397682229,167.48586416003906,-92.67890057346091,-14.768478587025015,64.44202878579136,4015.514960149603,306.2635916658737,272.13436998962345,513.8879567072103
,,,,,Central Bank,,,,-24.032869983751663,0,-199.08926650527556,0,0.8684213545529502,0,1098.070884288456,0,-701.4845793345578,0,-401.66951654829717,0,-0.9422676718028499,0,-0.09886722743103571,0,399.9688099151355,0,1374.8461742392165,0,403.22426341754414,0
,,,,,,Short term,,,0,0,0.9107334947244308,0,0.8684213545529502,0,-1.929115711544493,0,-1.4845793345577505,0,-1.6695165482971561,0,-0.9422676718028499,0,-0.09886722743103571,0,-0.03119008486450353,0,0.9998469231648125,0,0.12752330754999697,0
,,,,,,Long term,,,-24.032869983751663,0,-200,0,0,0,1100.0000000000002,0,-700,0,-400,0,0,0,0,0,400,0,1373.8463273160517,0,403.0967401099942,0
,,,,,,,International swaps,,,,,,,,,,,,,,,,,,,,,,400,0
,,,,,,,Accrued Interest on International Swaps,,,,,,,,,,,,,,,,,,,,,,3.0967401099942062,
,,,,,"Deposit taking corporations, other than the central bank",,,,470.7523233405982,161.86702827530456,306.8026142372055,-458.7074533502303,-293.11321890563477,275.6858647475146,358.9140742892607,142.68801850702096,92.28346195637982,4.821060200788679,173.3108222280914,78.3274092650745,-631.4877871883837,79.54954397682229,167.58473138747013,-92.67890057346091,-414.7372885021605,64.44202878579136,2640.6687859103868,306.2635916658737,-131.08989342792074,513.8879567072103
,,,,,,Short-term,,,470.7523233405982,52.29232425669113,306.8026142372055,-221.11284800837325,-293.11321890563477,141.51341274089822,358.9140742892607,151.56730100177276,92.28346195637982,-4.433783061260328,173.3108222280914,11.204115634379377,-631.4877871883837,-188.8305525044908,167.58473138747013,6.181034075469313,-414.7372885021605,258.52127926596364,2640.6687859103868,255.8553984867999,-131.08989342792074,604.9869966751609
,,,,,,Long-term,,,0,109.57470401861343,0,-237.59460534185706,0,134.17245200661637,0,-8.879282494751806,0,9.254843262049008,0,67.12329363069512,0,268.3800964813131,0,-98.85993464893022,0,-194.07925048017228,0,50.408193179073805,0,-91.0990399679506
,,,,,General Government,,,,0,0,0,0,0,0,0,0,0,0,0,0,0,0,0,0,0,0,0,0,0,0
,,,,,Other sectors,,,,0,0,0,0,0,0,0,0,0,0,0,0,0,0,0,0,0,0,0,0,0,0
,,,,Loans,,,,,3070.4293690668605,0,1118.093648904341,0,1712.8643034804695,0,759.1740697659166,0,793.2394195016338,0,1888.7210668854455,0,1619.8515754661962,0,-245.3439031387029,0,174.1189203655245,0,-1502.900677792474,0,-92.34452808174618,0
,,,,,Central bank,,,,780.4959769449999,0,-452.8134605499987,0,-719.3370109802729,0,-506.5085168598893,0,-122.7865180993648,0,183.83116945824162,0,251.7813162,0,327.4060350000002,0,-14.33492533016,0,-56.7668078622,0,-139.73624357775697,0
,,,,,,Credit and loans with the IMF,,,780.4959769449999,0,-452.8134605499987,0,-719.3370109802729,0,-506.5085168598893,0,-122.7865180993648,0,183.83116945824162,0,251.7813162,0,327.4060350000002,0,-14.33492533016,0,-56.7668078622,0,-139.73624357775697,0
,,,,,,Other short term,,,0,0,0,0,0,0,0,0,0,0,0,0,0,0,0,0,0,0,0,0,0,0
,,,,,,Other long term,,,0,0,0,0,0,0,0,0,0,0,0,0,0,0,0,0,0,0,0,0,0,0
,,,,,"Deposit taking corporations, expect the Central Bank",,,,578.6826526381437,0,124.26503677122389,0,1357.8455026746306,0,787.4800793025413,0,-507.27738906270224,0,270.65914627553,0,697.2785129709355,0,-281.32855410089246,0,75.20441517385666,0,-2151.9600689103618,0,-1644.781765472872,0
,,,,,,Short term,,,0,0,-124.15698070314784,0,1156.0916529731553,0,656.9467368970886,0,-607.6539473978601,0,-280.0285567175729,0,843.7202727183367,0,-1.3624067099995045,0,403.11088301262043,0,-2169.3240325626207,0,-1300.6408679629194,0
,,,,,,Long term,,,578.6826526381437,0,248.42201747437173,0,201.75384970147525,0,130.5333424054527,0,100.37655833515782,0,550.6877029931029,0,-146.4417597474012,0,-279.96614739089296,0,-327.9064678387638,0,17.363963652258917,0,-344.14089750995254,0
,,,,,General Government,,,,992.3700462109107,0,841.4145456641438,0,645.6942143204876,0,469.60024068312106,0,1287.0504187293154,0,1223.2827100573354,0,556.9532362049631,0,-88.82631110794313,0,169.43648450481697,0,872.9597409307519,0,1679.1361541441668,0
,,,,,,Short term,,,0,0,0,0,0,0,0,0,0,0,0,0,0,0,0,0,0,0,0,0,0,0
,,,,,,Long term,,,992.3700462109107,0,841.4145456641438,0,645.6942143204876,0,469.60024068312106,0,1287.0504187293154,0,1223.2827100573354,0,556.9532362049631,0,-88.82631110794313,0,169.43648450481697,0,872.9597409307519,0,1679.1361541441668,0
,,,,,,, Disbursements,,,,,,,,,,,,,,,,,,,,2543.709013011065,0,2390.7505590700002,0
,,,,,,, Accrued Interest,,,,,,,,,,,,,,,,,,,,0,0,133.1118044067273,0
,,,,,,, Repayments,,,,,,,,,,,,,,,,,,,,-1670.7492720803134,0,-844.7262093325608,0
,,,,,Other sectors,,,,718.8806932728062,0,605.2275270189723,0,428.6615974656242,0,8.602266640143608,0,136.25290793438546,0,210.94804109433827,0,113.83851009029766,0,-202.59507292986743,0,-56.187053982989184,0,-167.13354195066415,0,13.037326824716015,0
,,,,,,Short term,,,0,0,0,0,0,0,0,0,0,0,0,0,0,0,0,0,0,0,0,0,0,0
,,,,,,Long term,,,718.8806932728062,0,605.2275270189723,0,428.6615974656242,0,8.602266640143608,0,136.25290793438546,0,210.94804109433827,0,113.83851009029766,0,-202.59507292986743,0,-56.187053982989184,0,-167.13354195066415,0,13.037326824716015,0
,,,,,,,Disbursements,,,,,,,,,,,,,,,,,,,,186.7,0,331.74068777,0
,,,,,,,Accrued Interest,,,,,,,,,,,,,,,,,,,,0,0,15.819549631576168,0
,,,,,,,Repayments,,,,,,,,,,,,,,,,,,,,-353.83354195066414,0,-334.5229105768601,0
,,,,"Insuarance, pension and standardised guarantee schemes",,,,,0,0,0,0,0,0,0,0,0,0,0,0,0,0,0,0,0,0,0,0,0,0
,,,,Trade credits and advances,,,,,-570.7652532003226,90.22645807069442,-234.91477988806835,225.43875080488553,-406.6206091318171,382.984022107632,-400.6441226180232,116.2216724415982,83.56668149868715,-117.75086220894713,194.76297826113043,34.62651130489442,247.49987328625767,176.7904917287816,-28.407782090911695,-3.8414309372638193,184.87063255999996,-224.02474490178415,-426.25411757251345,256.8971973897556,-895.0553194387611,282.2204729610684
,,,,,"Deposit taking corporations, expect the Central Bank",,,,0,-23.822935926130754,0,14.931538457658945,0,7.86145220870948,0,-29.977033553046653,0,-3.1323753993322043,0,16.768757931173894,0,-9.542958038220647,0,-7.824589250491712,0,8.75743854821556,0,-3.1028026102450355,0,-27.383253338931056
,,,,,,Short term,,,0,-23.822935926130754,0,14.931538457658945,0,7.86145220870948,0,-29.977033553046653,0,-3.1323753993322043,0,16.768757931173894,0,-9.542958038220647,0,-7.824589250491712,0,8.75743854821556,0,-3.1028026102450355,0,-27.383253338931056
,,,,,Other sectors,,,,-570.7652532003226,114.04939399682519,-234.91477988806835,210.50721234722656,-406.6206091318171,375.12256989892245,-400.6441226180232,146.19870599464485,83.56668149868715,-114.61848680961492,194.76297826113043,17.857753373720534,247.49987328625767,186.33344976700226,-28.407782090911695,3.983158313227892,184.87063255999996,-232.7821834499997,-426.25411757251345,260.0000000000006,-895.0553194387611,309.6037262999995
,,,,,,Short term,,,-570.7652532003226,114.04939399682519,-234.91477988806835,210.50721234722656,-406.6206091318171,375.12256989892245,-400.6441226180232,146.19870599464485,83.56668149868715,-114.61848680961492,194.76297826113043,17.857753373720534,247.49987328625767,186.33344976700226,-28.407782090911695,3.983158313227892,184.87063255999996,-232.7821834499997,-426.25411757251345,260.0000000000006,-895.0553194387611,309.6037262999995
,,,,Other accounts receivable/payable,,,,,-562.74388172457,110.54423899999995,57.586977499073015,42.21594959217782,151.4279558604347,314.27492092090824,41.46771643638158,244.49743852929782,54.956695060013885,378.949058807616,61.33876200000623,-31.067438130000028,-162.38984185996964,115.74749137000026,24.105394729979878,196.36855816999923,-113.62692796000553,23.778198485713347,180.08183867992585,-176.47222486244482,1491.5544907500785,506.23612591444453
,,,,,Central bank,,,,-562.74388172457,,57.586977499073015,,151.4279558604347,,41.46771643638158,,54.956695060013885,0,61.33876200000623,0,-162.38984185996964,0,24.105394729979878,0,-113.62692796000553,0,180.08183867992585,0,1491.5544907500785,
,,,,,,Short term,,,-562.74388172457,,57.586977499073015,,151.4279558604347,,41.46771643638158,,54.956695060013885,0,61.33876200000623,0,-162.38984185996964,0,24.105394729979878,0,-113.62692796000553,0,180.08183867992585,0,1491.5544907500785,
,,,,,"Deposit taking corporations, expect the Central Bank",,,,0,110.54423899999995,0,42.21594959217782,0,314.27492092090824,0,244.49743852929782,0,378.949058807616,0,-31.067438130000028,0,115.74749137000026,0,196.36855816999923,0,23.778198485713347,0,-176.47222486244482,0,506.23612591444453
,,,,,,Short term,,,0,110.54423899999995,0,42.21594959217782,0,314.27492092090824,0,244.49743852929782,0,378.949058807616,0,-31.067438130000028,0,115.74749137000026,0,196.36855816999923,0,23.778198485713347,0,-176.47222486244482,0,506.23612591444453
,,,,Special Drawing rights,,,,,0,0,0,0,0,0,0,0,0,0,0,0,0,0,0,0,0,0,786.9015787134299,0,0,0

,,,Reserve assets,,,,,,,760.409090636517,,1111.6959709816224,,1548.49028461595,,354.408204523868,,-472.06464356796033,,2784.2933666975478,,-1001.9146801347958,0,337.2597913825966,0,-1991.5186003197282,,-2516.839812358201,,-1233.8017747241806
,,,,Monetary gold,,,,,,177.72681902,,350.8016439999999,,9.0192270000001,,-38.942,,0,,0,,-103.242869,,-14.460229,0,-667.281065,,-212.188156,,-151.752494
,,,,Special drawing rights,,,,,,-0.48289081405000545,,11.61013162563,,-5.7428960831051326,,-1.9584212768734357,,-4.6362802888718555,,2.3291109350614807,,-3.193884144564466,,6.141396143390002,0,-4.831687608090002,,123.20888209581003,,-118.45174104548717
,,,,Reserve position in the IMF,,,,,,,,0,,0,,,,0,,0,,0,,0,0,0,,0,,-57.74805
,,,,Other reserve assets,,,,,,583.1651624305671,,749.2841953559921,,1545.213953699055,,395.3086258007414,,-467.42836327908833,,2781.9642557624866,,-895.4779269902315,,345.57862423920653,0,-1319.4058477116382,,-2427.8605384540115,,-905.8494896786933
,,,,,Currency and deposits,,,,,-801.3298042903687,,1297.0422179548339,,496.3238441824956,,116.32747662272845,,-1267.4188633322244,,393.36180934921543,,-1011.3151760886051,,361.4473821669462,0,-177.20128149826155,,1536.323576640541,,-894.8675683091751
,,,,,,Claims on monetary authorities,,,,-816.7553793204618,,1462.3734695401286,,462.1491625913674,,369.0373533978749,,-1365.1063694582965,,858.5107306555717,,465.8530234725331,,-173.81680574506322,0,-1091.574120748562,,1055.4894109645825,,-526.1525370941401
,,,,,,Claims on other entities,,,,15.425575030093,,-165.33125158529447,,34.17468159112809,,-252.70987677514654,,97.68750612607181,,-465.1489213063561,,-1477.168199561138,,535.2641879120094,0,914.3728392503004,,480.8341656759583,,-368.71503121503497
,,,,,Securities,,,,,1384.4949667209357,,-547.7580225988418,,1048.9081523589023,,278.97173823968467,,799.9900966257826,,2388.506679519003,,122.06146800356925,,-18.658853083854382,0,-1143.2645637946782,,-3966.8418740683305,,-10.660158
,,,,,,Debt securities,,,,1384.4949667209357,,-547.7580225988418,,1048.9081523589023,,278.97173823968467,,799.9900966257826,,2388.506679519003,,122.06146800356925,,-18.658853083854382,0,-1143.2645637946782,,-3966.8418740683305,,-10.660158
,,,,,,        Short term,,,,,,0,,0,,0,,0,,0,,0,,0,0,0,,0,,0
,,,,,,        Long term,,,,1384.4949667209357,,-547.7580225988418,,1048.9081523589023,,278.97173823968467,,799.9900966257826,,2388.506679519003,,122.06146800356925,,-18.658853083854382,0,-1143.2645637946782,,-3966.8418740683305,,-10.660158
,,,,,,Equity and investment fund shares,,,,,,0,,0,,,,0,,0,,0,,0,0,0,,0,,0
,,,,,Financial derivatives,,,,,,,0,,0,,,,0,,0,,0,,0,0,0,,0,,0
,,,,,Other claims,,,,,0,,0,,-0.018042842342678833,,0.009410938328239471,,0.00040342735365106464,,0.09576689426826246,,-6.224218905195374,,2.790095156114595,0,1.0599975813015226,,2.6577589737781,,-0.3217633695180715

,,FINANCIAL ACCOUNT (NET) (Assets - Liabilities),,,,,,,,-4263.44855882177,,-3063.74841577227,,-1536.0549321103604,,-2312.2570797180615,,-2181.844371212705,,-2122.795375399809,,-3377.684310883158,,-2459.916136020747,0,-394.35126652472957,,-4210.937116003909,,-1946.3932303173924

,,Errors and Ommisions,,,,,,,,-412.0601785139211,,-594.0582851739662,,393.37453580279487,,-475.7815249112755,,-464.7146551840706,,175.2696146120586,,-592.9915495536541,,-635.3409749732576,0,764.7087034475944,,-951.7865139867158,,-513.0098514841781

