<new sheet>
sheet_name: Merchandise Trade
,A SUMMARY OF EXTERNAL TRADE DATA,,,,,,,,,,,,
,,,,,,,,,,,,(values in US$ Mn. ),
,,Exports,,,,Imports ,,,,Trade Balance ,,,

,,Month,Cumulative ,% Month,% Cumul.,Month,Cumulative ,% Month,% Cumul.,Month,Cumulative ,% Month,% Cumul.

,Jan                       2002,343.1,343.1,,,473.55,473.55,,,-130.45,-130.45,,
,February,370.7,713.8,,,407.56,881.11,,,-36.860000000000014,-167.31000000000006,,
,March,366.4,1080.1999999999998,,,476.49,1357.6,,,-110.09000000000003,-277.4000000000001,,
,April ,251.3,1331.4999999999998,,,476.9,1834.5,,,-225.59999999999997,-503.0000000000002,,
,May ,344.8,1676.2999999999997,,,574.93,2409.43,,,-230.12999999999994,-733.1300000000001,,
,June ,335.6,2011.8999999999996,,,465.4,2874.83,,,-129.79999999999995,-862.9300000000003,,
,July ,429.45,2441.3499999999995,,,543.1,3417.93,,,-113.65000000000003,-976.5800000000004,,
,August ,567.8,3009.1499999999996,,,457.5,3875.43,,,110.29999999999995,-866.2800000000002,,
,September,408.5,3417.6499999999996,,,490.1,4365.53,,,-81.60000000000002,-947.8800000000001,,
,October ,407.6,3825.2499999999995,,,578.1,4943.63,,,-170.5,-1118.3800000000006,,
,November ,378.2,4203.45,,,533.8,5477.43,,,-155.59999999999997,-1273.9800000000005,,
,December,495.6,4699.05,,,627.4,6104.83,,,-131.79999999999995,-1405.7799999999997,,
,Jan                       2003,383.8,383.8,11.862430778198775,11.862430778198775,531.3,531.3,12.195121951219502,12.195121951219502,-147.49999999999994,-147.49999999999994,13.070141816788006,13.070141816788006
,February,388.2,772,4.72079848934448,8.153544410198933,507.1,1038.4,24.423397781921686,17.851346596906193,-118.90000000000003,-266.4000000000001,222.57189365165488,59.22538999462077
,March,425.5,1197.5,16.129912663755476,10.859100166635827,495.2,1533.6000000000001,3.926630149635879,12.964054213317633,-69.69999999999999,-336.10000000000014,-36.688164229266995,21.16077865897621
,April ,304.8,1502.3,21.289295662554707,12.827638002253106,534.6,2068.2000000000003,12.09897253092893,12.739165985282108,-229.8,-565.9000000000003,1.8617021276595924,12.504970178926445
,May ,458.9,1961.1999999999998,33.09164733178653,16.995764481298114,509.2,2577.4,-11.432696154314437,6.971358371067038,-50.30000000000001,-616.2000000000003,-78.14278885847129,-15.949422339830566
,June ,416.6,2377.7999999999997,24.135876042908233,18.18678860778369,500.8,3078.2000000000003,7.606360120326605,7.074157428439265,-84.19999999999999,-700.4000000000005,-35.130970724191044,-18.834667933667816
,July,493.24,2871.04,14.853882873442782,17.6005079157024,616.3,3694.5,13.478180813846418,8.091739737209359,-123.05999999999995,-823.46,8.279806423229141,-15.679207028610076
,August ,470.04,3341.08,-17.217330045790757,11.030689729657883,522.4,4216.9,14.185792349726768,8.811151278696805,-52.35999999999996,-875.8199999999997,-147.47053490480505,1.1012605624047156
,September,460.71,3801.79,12.780905752753968,11.239887056895824,524.9,4741.799999999999,7.100591715976323,8.619113830394,-64.19,-940.0099999999993,-21.335784313725515,-0.8302738743301674
,October ,427.94,4229.73,4.9901864573110855,10.573949415070905,628,5369.799999999999,8.631724615118497,8.62058851491716,-200.06,-1140.0699999999997,17.33724340175953,1.9394123643125871
,November ,408.54,4638.2699999999995,8.02221047065046,10.3443599900082,546.7,5916.499999999999,2.4166354439865367,8.015985599085674,-138.16000000000003,-1278.2299999999996,-11.208226221079654,0.33360021350405944
,December,495,5133.2699999999995,-0.1210653753026647,9.240591183324277,755.4,6671.899999999999,20.401657634682824,9.28887454687517,-260.4,-1538.6299999999992,97.57207890743555,9.450269601217798
,Jan                       2004,459.41,459.41,19.700364773319446,19.700364773319446,611.1,611.1,15.019762845849826,15.019762845849826,-151.69,-151.69,2.8406779661017234,2.8406779661017234
,Feb ,390.16,849.57,0.5048943843379838,10.047927461139894,480.1,1091.2,-5.324393610727663,5.084745762711851,-89.94,-241.63,-24.35660218671155,-9.29804804804808
,March ,514.85,1364.42,20.998824911868397,13.939039665970787,738.1,1829.3000000000002,49.050888529886926,19.281429316640587,-223.25,-464.8800000000001,220.30129124820667,38.315977387682224
,April ,373.46,1737.88,22.526246719160103,15.681288690674311,630.1,2459.4,17.863823419378978,18.91499854946328,-256.64000000000004,-721.52,11.679721496953889,27.499558225834875
,May,409.34,2147.2200000000003,-10.799738505120937,9.485009178054282,582.18,3041.58,14.332285938727418,18.00962209979049,-172.83999999999997,-894.3599999999997,243.61829025844918,45.141187925997926
,June,458.67,2605.8900000000003,10.09841574651944,9.59248044410803,690.71,3732.29,37.921325878594246,21.249106620752368,-232.04000000000002,-1126.3999999999996,175.581947743468,60.82238720730992
,July,505.77,3111.6600000000003,2.5403454707647377,8.380935131520296,664.1,4396.39,7.755963005030031,18.998240627960495,-158.33000000000004,-1284.73,28.660815862181146,56.01607849804484
,August,482.28,3593.9400000000005,2.6040336992596336,7.568211476528575,659.83,5056.22,26.307427258805525,19.903720742725707,-177.55000000000007,-1462.2799999999997,239.09472880061156,66.96124774497045
,September,548.91,4142.85,19.14436413361984,8.971037327153809,657.52,5713.74,25.26576490760144,20.49727951410858,-108.61000000000001,-1570.8899999999994,69.2008100950304,67.11417963638691
,October ,582.05,4724.900000000001,36.01205776510725,11.706893820645782,715.09,6428.83,13.867834394904467,19.72196357406237,-133.04000000000008,-1703.9299999999994,-33.49995001499546,49.45836659152507
,November,518.93,5243.830000000001,27.020609976991228,13.055729830303143,762.49,7191.32,39.4713736967258,21.546860474942964,-243.56000000000006,-1947.4899999999989,76.28836132020847,52.35833926601625
,December,513.4,5757.2300000000005,3.717171717171719,12.155214902002065,808.52,7999.84,7.032036007413289,19.903475771519386,-295.12,-2242.6099999999997,13.333333333333353,45.753689970948244
,Period,Monthly Value,Cumulative Value,Monthly % change (Y-o-Y),Cum. % change (Y-o-Y),Monthly Value,Cumulative Value,Monthly % change (Y-o-Y),Cum. % change (Y-o-Y),Monthly Value,Cumulative Value,Monthly % change (Y-o-Y),Cum. % change (Y-o-Y)
,2007-01-01 00:00:00,487.4234681377972,487.4234681377972,11.244302764621183,11.244302764621183,809.4078342645455,809.4078342645455,18.9764386791023,18.9764386791023,-321.9843661267483,-321.9843661267483,32.96707496894635,32.96707496894635
,2007-02-01 00:00:00,585.7982236391804,1073.2216917769777,9.612985109289252,10.347908138169991,747.4933008651398,1556.9011351296854,-0.044617054404660905,9.016284176777578,-161.69507722595938,-483.6794433527077,-24.23012145883685,6.1733625937677505
,2007-03-01 00:00:00,630.6943269616814,1703.9160187386592,17.100595598104064,12.754611683916695,874.3359661525996,2431.237101282285,-0.03458612049392906,5.5785883042332784,-243.6416391909181,-727.3210825436258,-27.497655445850413,-8.120458788025875
,2007-04-01 00:00:00,531.6992666092641,2235.6152853479234,5.989016381396972,11.068428429105314,969.4795165992095,3400.7166178814946,25.177479370806033,10.511233969016121,-437.78024998994545,-1165.1013325335712,60.45962584403222,9.457586322359045
,2007-05-01 00:00:00,637.2478349971178,2872.8631203450414,25.856873527356772,14.040773051617993,1014.3077728947776,4415.024390776272,8.110513581506407,9.950306458010516,-377.0599378976598,-1542.161270431231,-12.694651813747004,3.0637252123906666
,2007-06-01 00:00:00,667.3012361647559,3540.1643565097975,6.115156744478356,12.45754769543308,860.382857133588,5275.40724790986,-8.432657422438727,6.464404956360448,-193.0816209688321,-1735.242891400063,-37.8701871694437,-3.9758181451328367
,2007-07-01 00:00:00,683.9632990518871,4224.127655561684,34.2253034439665,15.49018234230597,830.4256217891368,6105.8328696989975,-3.7096405585003267,4.956150593973541,-146.46232273724968,-1881.7052141373133,-58.49216361402194,-12.881763822116588
,2007-08-01 00:00:00,652.8681287223121,4876.995784283996,-10.238142082569802,11.222563170936262,938.1046786205826,7043.93754831958,-5.656892116889967,3.4069232466686694,-285.2365498982705,-2166.941764035584,6.82190641775986,-10.713917411260908
,2007-09-01 00:00:00,719.3911267809434,5596.386911064939,19.56044962458021,12.228636107503776,1006.3504001983434,8050.287948517924,24.920596442541143,5.682124734455418,-286.9592734174,-2453.9010374529844,40.73841601575954,-6.726286978907348
,2007-10-01 00:00:00,624.1546987860158,6220.541609850955,18.385649547325933,12.817359123069938,1075.7674384981094,9126.055387016033,20.271917054421262,7.215246751633386,-451.61273971209357,-2905.513777165078,22.980017907461825,-3.0876698168300187
,2007-11-01 00:00:00,577.8998385201782,6798.441448371133,-6.078640272435565,10.920390719098982,1009.2311463627842,10135.286533378818,15.38560239082889,7.976577748061642,-431.33130784260607,-3336.8450850076842,66.30750759596604,2.4375768282846932
,2007-12-01 00:00:00,841.5319768948182,7639.973425265952,20.984463252324616,11.94611814966009,1161.1862621074838,11296.472795486301,33.914636779775684,10.170049261224712,-319.6542852126656,-3656.499370220349,86.34495319817157,6.63514640956
,2008-01-01 00:00:00,552.0744096511238,552.0744096511238,13.26381385786075,13.26381385786075,1176.568587970768,1176.568587970768,45.361650599766776,45.361650599766776,-624.4941783196442,-624.4941783196442,93.95170822480672,93.95170822480672
,2008-02-01 00:00:00,639.164335919886,1191.2387455710098,9.109981923327947,10.99652147345498,969.418409750152,2145.98699772092,29.68924385384575,37.837075797504994,-330.25407383026607,-954.7482521499103,104.24497733394529,97.39277020580153
,2008-03-01 00:00:00,677.9507634091372,1869.189508980147,7.492763836185068,9.699626532288441,1148.5096303178343,3294.4966280387544,31.35793044997335,35.507006959591415,-470.55886690869715,-1425.3071190586074,93.13565139001803,95.96669933916226
,2008-04-01 00:00:00,608.2140579359377,2477.403566916085,14.390614419053339,10.815290231410835,1300.4832040782987,4594.979832117053,34.142411656122576,35.11798683712537,-692.269146142361,-2117.576265200968,58.13165307440444,81.75039424220658
,2008-05-01 00:00:00,743.8113183015591,3221.214885217644,16.722455134731582,12.1255956263856,1233.4509142216448,5828.430746338698,21.60519195287689,32.01355712813883,-489.63959592008564,-2607.2158611210534,29.85723135958873,69.06246519807904
,2008-06-01 00:00:00,652.9925131163194,3874.2073983339637,-2.144267427207891,9.4358060300199,1205.2042105255312,7033.634956864229,40.07766432501156,33.32875788217082,-552.2116974092118,-3159.4275585302653,185.999099571653,82.07408162791052
,2008-07-01 00:00:00,846.2233781562398,4720.430776490203,23.72350670412846,11.749245321103485,1264.0946348933142,8297.729591757543,52.222499128801616,35.898406799441275,-417.8712567370743,-3577.2988152673397,185.30972944265437,90.1094171600831
,2008-08-01 00:00:00,758.4715842455379,5478.902360735741,16.175311809123816,12.341748959295295,1271.5511102487849,9569.280702006328,35.544693383100046,35.85129959434692,-513.079526003247,-4090.378341270587,79.87860468310832,88.76272584515186
,2008-09-01 00:00:00,648.1663782812277,6127.068739016969,-9.900698778204953,9.482579321004202,1238.4171673489298,10807.697869355257,23.060234994177755,34.25231418392902,-590.250789067702,-4680.629130338289,105.69148438327196,90.74237546256252
,2008-10-01 00:00:00,659.8740804512345,6786.942819468203,5.722841105689502,9.105335919950864,1239.6003121533593,12047.298181508617,15.229395108293907,32.00991743539867,-579.7262317021248,-5260.355362040414,28.367997783168054,81.04733845636638
,2008-11-01 00:00:00,643.7034392363593,7430.646258704563,11.386679201136939,9.299260942887155,989.0434339374216,13036.34161544604,-2.0003061239358355,28.62331590244733,-345.3399947010623,-5605.695356741477,-19.93625586133483,67.99387487083679
,2008-12-01 00:00:00,679.949763787516,8110.596022492078,-19.200959386418916,6.16000306584501,1054.8338038771594,14091.1754193232,-9.158949059326716,24.739603896125594,-374.88404008964346,-5980.579396831121,17.277964798824307,63.56024687269992
,2009-01-01 00:00:00,491.12250528325586,491.12,-11.040523397269164,-11.040977191759914,682.61,682.61,-41.98298280448742,-41.98298280448742,-191.48749471674415,-191.49,-69.33718497873133,-69.33678380873764
,2009-02-01 00:00:00,524.2484802781544,1015.3684802781544,-17.979078178125285,-14.763645486409482,606.31,1288.92,-37.45631464165571,-39.93812630883327,-82.06151972184557,-273.5515197218457,-75.15200379813602,-71.34830892794409
,2009-03-01 00:00:00,632.0015886956218,1647.3700689737761,-6.777656607753602,-11.867145569814275,1023.56,2312.48,-10.879284510941044,-29.807789744904312,-391.5584113043782,-665.1099310262239,-16.78864455860897,-53.33567607060588
,2009-04-01 00:00:00,437.6225719222221,2084.992640895998,-28.047935391799793,-15.83960446575794,620.65,2933.13,-52.27543131248067,-36.16664039527211,-183.02742807777787,-848.1373591040019,-73.56123278096531,-59.94773019315507
,2009-05-01 00:00:00,538.4531361060348,2623.445777002033,-27.608907950533123,-18.557256486017458,773.37,3706.5,-37.30030185367965,-36.406553302047065,-234.91686389396523,-1083.054222997967,-52.02249453446854,-58.45935738775867
,2009-06-01 00:00:00,565.210780767491,3188.656557769524,-13.442992160798573,-17.695254024326346,845.1,4551.6,-29.879103257406236,-35.28808321850673,-279.88921923250905,-1362.9434422304762,-49.314869542667516,-56.86106369014189
,2009-07-01 00:00:00,652.2373263642176,3840.8938841337417,-22.923740563003715,-18.63255567133698,939.28,5490.88,-25.69543655414118,-33.826718028335065,-287.0426736357824,-1649.9861158662584,-31.308347006889147,-53.87620098090824
,2009-08-01 00:00:00,710.3629375690552,4551.2568217027965,-6.3428410075951565,-16.931229614180875,842.09,6332.97,-33.77458497635685,-33.81979066961419,-131.72706243094478,-1781.7131782972037,-74.32619004366369,-56.44135995146715
,2009-09-01 00:00:00,568.2329505461227,5119.4897722489195,-12.332239130802824,-16.4447145884266,803.63,7136.6,-35.10829620358666,-33.9674361157383,-235.39704945387734,-2017.1102277510809,-60.11914701110596,-56.905147329942466
,2009-10-01 00:00:00,628.660979308094,5748.150751557014,-4.730160202958167,-15.305743624823776,1042.96,8179.56,-15.863202858651071,-32.10461070387718,-414.299020691906,-2431.4092484429866,-28.535402050811232,-53.77861225900376
,2009-11-01 00:00:00,612.990058066526,6361.14080962354,-4.771355766914853,-14.393168667236178,934.72,9114.28,-5.492522580242786,-30.085600171746073,-321.72994193347404,-2753.1391903764606,-6.836755988261922,-50.88674972203935
,2009-12-01 00:00:00,723.3783494852621,7084.519159108802,6.387028573381137,-12.651066093512586,1092.37,10206.650000000001,3.558493857977618,-27.567078712229755,-368.9916505147378,-3122.130840891199,-1.5717899256251777,-47.79551221165133
,2010-01-01 00:00:00,656.4771475651874,656.4771475651874,33.66871615597476,33.66939802190654,1237.6522649867331,1237.6522649867331,81.31176879722435,81.31176879722435,-581.1751174215458,-581.1751174215458,203.5055204420753,203.5015496483084
,2010-02-01 00:00:00,683.0335766681674,1339.5107242333547,30.288136706808434,31.92360706985935,973.4400220879818,2211.092287074715,60.55153668717024,71.54612288386515,-290.4064454198144,-871.5815628413602,253.88870009252997,218.61696974946696
,2010-03-01 00:00:00,755.9409231632552,2095.45164739661,19.610604891584195,27.199813014811227,976.4628079926937,3187.5550950674087,-4.601312283335246,37.841412469184974,-220.52188482943848,-1092.1034476707987,-43.68097365222589,64.19893866052337
,2010-04-01 00:00:00,495.51039563556634,2590.9620430321766,13.227796605434804,24.267203260666893,1001.9664997435898,4189.521594810998,61.43825018022877,42.83450085100211,-506.45610410802345,-1598.5595517788215,176.710496031668,88.47885128743631
,2010-05-01 00:00:00,558.6548361540848,3149.6168791862615,3.751802839174445,20.056488561601427,1050.561493653169,5240.083088464167,35.84202822105447,41.375504882346334,-491.9066574990842,-2090.466209277906,109.39606009771903,93.01584028649599
,2010-06-01 00:00:00,624.4979662227058,3774.114845408967,10.48939395223667,18.360656816831124,1113.6133375678796,6353.696426032047,31.77296622504788,39.59259218806677,-489.1153713451738,-2579.5815806230803,74.75320152965834,89.26548972579218
,2010-07-01 00:00:00,879.2830567824942,4653.397902191461,34.81029392842376,21.154034518216534,1123.5445207668051,7477.240946798853,19.617634865727496,36.17563936561812,-244.26146398431092,-2823.8430446073917,-14.904128751864597,71.14344281162919
,2010-08-01 00:00:00,803.0986356591901,5456.496537850651,13.054692634653374,19.889884302533623,1103.5185693013718,8580.759516100225,31.04520529888395,35.49344961527095,-300.4199336421817,-3124.2629782495733,128.06242551690602,75.35162316279515
,2010-09-01 00:00:00,713.590895198686,6170.087433049337,25.580696176253316,20.52153061219819,1090.3121786553152,9671.07169475554,35.673404260084276,35.513713739813625,-376.7212834566292,-3500.9842617062022,60.03653585744806,73.56435030372754
,2010-10-01 00:00:00,932.4533918349485,7102.540824884286,48.32372654355122,23.562187769003895,1238.1561552583523,10909.227850013891,18.715593623758565,33.371817677404294,-305.7027634234038,-3806.687025129605,-26.212047783057624,56.56299027271168
,2010-11-01 00:00:00,792.4314493061487,7894.972274190434,29.273132390696688,24.11252180185064,1112.990994749606,12022.218844763496,19.072127990158116,31.90530513396006,-320.5595454434573,-4127.246570573062,-0.3637822712375227,49.91056699929173
,2010-12-01 00:00:00,730.8555624837272,8625.827836674162,1.0336517541319479,21.756009729801452,1428.7200782807124,13450.938923044208,30.79085642050885,31.786030901855234,-697.8645157969852,-4825.111086370047,89.12745446230956,54.54544771713472
,2011-01-01 00:00:00,922.9892620840501,922.9892620840501,40.59731789710143,40.59731789710143,1567.907689902411,1567.907689902411,26.68402379720267,26.68402379720267,-644.9184278183609,-644.9184278183609,10.968004046632295,10.968004046632295
,2011-02-01 00:00:00,816.9552807742292,1739.9445428582794,19.60689908676685,29.894036037233374,1235.8634703714733,2803.7711602738846,26.958358227413527,26.80480035427586,-418.90818959724413,-1063.8266174156051,44.24892980307868,22.05703548243094
,2011-03-01 00:00:00,930.7750196394119,2670.719562497691,23.128010552009638,27.453170576175978,1634.1256642064143,4437.896824480299,67.35155203357644,39.22572919124552,-703.3506445670024,-1767.177261982608,218.9482282500013,61.8140905746231
,2011-04-01 00:00:00,748.6356820692486,3419.3552445669397,51.083748931041306,31.972417494982032,1490.3264231450498,5928.223247625348,48.74014485778064,41.501198011912585,-741.6907410758013,-2508.8680030584087,46.44719158476249,56.9455451482322
,2011-05-01 00:00:00,836.1273694186206,4255.48261398556,49.66797301437931,35.1111191366555,1683.2261787866203,7611.4494264119685,60.22157569600759,45.25436520593098,-847.0988093679997,-3355.966812426408,72.20722599583374,60.53676436059852
,2011-06-01 00:00:00,820.4107865890929,5075.893400574653,31.371250342314404,34.49228782079163,1668.6477921008616,9280.09721851283,49.840859103319616,46.05824068790696,-848.2370055117686,-4204.203817938177,73.42268413665516,62.98006814433372
,2011-07-01 00:00:00,962.1221847896372,6038.01558536429,9.421212812887703,29.754981462487006,1769.8102606359478,11049.907479148778,57.520260917482325,47.78054576239717,-807.6880758463105,-5011.891893784488,230.66537089869766,77.484789863075
,2011-08-01 00:00:00,954.1527477935655,6992.168333157855,18.808911561702367,28.143915874491054,1837.0495435101775,12886.957022658957,66.47201004267629,50.18433972516001,-882.896795716612,-5894.7886895011015,193.88755433525776,88.67773713478392
,2011-09-01 00:00:00,858.3745695451406,7850.542902702996,20.289450905359764,27.235521180016022,1762.6380317538221,14649.595054412779,61.66361031825658,51.47850741668072,-904.2634622086815,-6799.052151709783,140.03514054516825,94.20401931187973
,2011-10-01 00:00:00,889.1348762817661,8739.677778984762,-4.64564941609974,23.050018218334543,1756.9878809580116,16406.582935370792,41.90357763002845,50.391789051778765,-867.8530046762455,-7666.90515638603,183.88785072062092,101.40623869977854
,2011-11-01 00:00:00,885.7604342675563,9625.438213252319,11.777546820374972,21.91858158538409,1986.4073019166487,18392.990237287442,78.47469667654757,52.99164384533606,-1100.6468676490924,-8767.552024035123,243.3517682733403,112.43102087835189
,2011-12-01 00:00:00,933.3820328161256,10558.820246068444,27.710874860709247,22.409355322115744,1875.8120707711691,20268.80230805861,31.29318326851518,50.68689571799339,-942.4300379550435,-9709.982061990166,35.04484274841746,101.23851841295179
,2012-01-01 00:00:00,888.1768344193363,888.1768344193363,-3.7717045143200956,-3.7717045143200956,1915.0033496667759,1915.0033496667759,22.137506053431544,22.137506053431544,-1026.8265152474396,-1026.8265152474396,59.21804540785147,59.21804540785147
,2012-02-01 00:00:00,821.0083740706526,1709.1852084899888,0.4961218063958439,-1.767834181528627,1580.669756343379,3495.6731060101547,27.900030564724474,24.677546995978172,-759.6613822727264,-1786.487897520166,81.34316805863754,67.93036273713
,2012-03-01 00:00:00,860.9534070468783,2570.1386155368673,-7.5014489129266675,-3.7660617150967135,1853.572430961998,5349.245536972153,13.429001915966744,20.535599373664514,-992.6190239151197,-2779.1069214352856,41.127193325627374,57.26248754000982
,2012-04-01 00:00:00,747.8077199412343,3317.9463354781014,-0.11059613478825447,-2.9657318949228295,1440.3974471538768,6789.64298412603,-3.350204036898674,14.53082484445467,-692.5897272126425,-3471.696648647928,-6.62014653060643,38.377014829628074
,2012-05-01 00:00:00,805.9587920660201,4123.905127544122,-3.608131781833357,-3.0919521562375096,1575.0258405028171,8364.668824628847,-6.428152059861681,9.895873387835753,-769.067048436797,-4240.763697084725,-9.211648047223719,26.364887798714463
,2012-06-01 00:00:00,755.8097439061191,4879.714871450241,-7.874231267918419,-3.86490640450019,1419.0185200287503,9783.687344657597,-14.959973773604007,5.426560889256171,-663.2087761226312,-4903.972473207356,-21.81327013403571,16.644498829563403
,2012-07-01 00:00:00,794.4485838607419,5674.1634553109825,-17.427474761488448,-6.026021710431795,1325.0006983966077,11108.688043054204,-25.13317795318387,0.5319552585969056,-530.5521145358658,-5434.524587743222,-34.31225117692328,8.432597967303778
,2012-08-01 00:00:00,828.9094751989539,6503.072930509937,-13.12612397587607,-6.994903145116782,1750.0125331366398,12858.700576190844,-4.737869519143723,-0.21926391481270624,-921.1030579376859,-6355.627645680907,4.327375793686428,7.817734959704015
,2012-09-01 00:00:00,801.5163159441854,7304.589246454122,-6.623944326669051,-6.954342687063065,1314.42178035095,14173.122356541793,-25.42871782681879,-3.2524632667403464,-512.9054644067646,-6868.533110087671,-43.27920060443636,1.0219212447196035
,2012-10-01 00:00:00,770.3680166743912,8074.957263128514,-13.357575186347514,-7.60577829831004,1579.12486874701,15752.247225288804,-10.12317809010842,-3.988251012776778,-808.7568520726187,-7677.28996216029,-6.809465691217231,0.13544977487571774
,2012-11-01 00:00:00,827.5999432430898,8902.557206371603,-6.56616493290988,-7.510110094369027,1918.1156798011084,17670.36290508991,-3.437946590794694,-3.9288192016357137,-1090.5157365580185,-8767.805698718308,-0.9204706240352412,0.002893335363052252
,2012-12-01 00:00:00,870.9723909491089,9773.529597320712,-6.686398459880283,-7.437295364888263,1519.840615281137,19190.203520371047,-18.976925302740376,-5.321472730822019,-648.868224332028,-9416.673923050335,-31.14945426187903,-3.020686722872412
,2013-01-01 00:00:00,728.6704873301528,728.6704873301528,-17.95885018701979,-17.95885018701979,1532.2395828967108,1532.2395828967108,-19.98762909927383,-19.98762909927383,-803.569095566558,-803.569095566558,-21.742467336566797,-21.742467336566797
,2013-02-01 00:00:00,797.7068428421537,1526.3773301723065,-2.838159995003131,-10.695615513732836,1433.2484412832089,2965.4880241799196,-9.326509504503033,-15.166895351818832,-635.5415984410552,-1439.1106940076131,-16.338830264128255,-19.444699513204043
,2013-03-01 00:00:00,832.0258408267106,2358.403170999017,-3.359945611852677,-8.238288910095282,1544.819950858953,4510.307975038872,-16.657157548615643,-15.683287598874108,-712.7941100322424,-2151.904804039855,-28.190565276412183,-22.56847739674256
,2013-04-01 00:00:00,696.5398243173713,3054.9429953163885,-6.855759075058998,-7.9266905962122935,1525.5540429605205,6035.862017999393,5.9120207394776525,-11.1019234426457,-829.0142186431492,-2980.9190226830046,19.69773533597632,-14.13653540714912
,2013-05-01 00:00:00,793.8675557900644,3848.810551106453,-1.5002300855805117,-6.670729998133917,1548.8009254471533,7584.662943446547,-1.6650466539197661,-9.325006136353641,-754.9333696570889,-3735.8523923400935,-1.837769386744137,-11.906140988042512
,2013-06-01 00:00:00,807.6126751415874,4656.423226248041,6.8539644603871075,-4.575915828783628,1509.3940455254678,9094.056988972014,6.368875685631381,-7.048777535416217,-701.7813703838805,-4437.633762723973,5.816056067104425,-9.509407180223894
,2013-07-01 00:00:00,859.3002286407439,5515.7234548887845,8.163101564716202,-2.7923058909044784,1433.0315762055395,10527.088565177553,8.153269499379178,-5.235537046521898,-573.7313475647957,-5011.365110288769,8.138546967568615,-7.786504056101384
,2013-08-01 00:00:00,918.6373789675208,6434.360833856305,10.824813378690168,-1.0566096580473583,1474.908208041011,12001.996773218565,-15.720134563981937,-6.662444606250107,-556.2708290734902,-5567.63593936226,-39.60818778313916,-12.398330271191128
,2013-09-01 00:00:00,899.0348928672161,7333.395726723522,12.166761297697825,0.3943613979852989,1486.3308700693876,13488.327643287952,13.078685418050352,-4.831643275398411,-587.2959772021716,-6154.93191656443,14.503747368230568,-10.38942641879661
,2013-10-02 00:00:00,1041.3319298561878,8374.72765657971,35.17330773303948,3.7123465014482937,1393.6547102502932,14881.982353538246,-11.745123021454408,-5.524702979225893,-352.3227803941054,-6507.254696958536,-56.4365013426223,-15.240211988456942
,2013-11-02 00:00:00,1031.842627143399,9406.570283723107,24.678914681887232,5.661441602316031,1569.6831663124335,16451.665519850678,-18.165354527773015,-6.896844121340539,-537.8405391690344,-7045.09523612757,-50.68016708620694,-19.648136851875798
,2013-12-02 00:00:00,987.6804415027386,10394.250725225846,13.399741687156297,6.351043619648888,1551.0887289877007,18002.754248838377,2.05601254449852,-6.187788838571473,-563.4082874849621,-7608.503523612531,-13.170615179228717,-19.2017947548521
,2014-01-01 00:00:00,903.9139666797747,903.9139666797747,24.049756700276646,24.049756700276646,1655.4543712331217,1655.4543712331217,8.041483180030662,8.041483180030662,-751.540404553347,-751.540404553347,-6.474700346275519,-6.474700346275519
,2014-02-01 00:00:00,842.3512780193341,1746.2652446991087,5.596596741995663,14.405868731159677,1420.4187569877663,3075.8731282208882,-0.8951472700682639,3.7223250655849416,-578.0674789684322,-1329.6078835217795,-9.043329282237933,-7.609060994529326
,2014-03-01 00:00:00,1070.1044568320215,2816.36970153113,28.614329546394046,19.41850045673568,1672.100925295082,4747.974053515971,8.239210942696463,5.2693980054665746,-601.9964684630606,-1931.6043519848408,-15.544129785832538,-10.237462718677692
,2014-04-01 00:00:00,764.2577702006421,3580.627471731772,9.722049410403244,17.207668922835005,1444.452689961651,6192.426743477622,-5.316190099793683,2.5939082936512037,-680.1949197610089,-2611.79927174585,-17.951356627599637,-12.382750022002432
,2014-05-01 00:00:00,883.529809367989,4464.15728109976,11.294359232087746,15.98797139590069,1353.193029538538,7545.61977301616,-12.629634493028307,-0.5147647393365262,-469.66322017054904,-3081.4624919164,-37.787460582927636,-17.5164816941226
,2014-06-02 00:00:00,985.6929784578035,5449.850259557564,22.050211542927546,17.039409752039102,1439.4000128990126,8985.019785915172,-4.637227292233559,-1.1989940594067772,-453.7070344412091,-3535.1695263576084,-35.34923359492609,-20.336609207074375
,2014-07-02 00:00:00,956.6346767350083,6406.4849362925725,11.327175863577942,16.149494960888113,1845.3214368037534,10830.341222718926,28.77046587416432,2.8806887646457113,-888.6867600687451,-4423.856286426353,54.89597419432957,-11.7235286380593
,2014-08-02 00:00:00,992.6326904928701,7399.117626785443,8.054898833804746,14.993824838867953,1724.5032441152289,12554.844466834154,16.92275049480758,4.606297635816925,-731.8705536223588,-5155.726840048712,31.567307752114715,-7.398276464188669
,2014-09-02 00:00:00,902.8373773847655,8301.955004170208,0.42295182842375656,13.207514138602573,1667.4534675979414,14222.297934432096,12.185886815369606,5.441521814673456,-764.6160902131759,-5920.342930261888,30.192631976766183,-3.811398557816792
,2014-10-03 00:00:00,901.8375575516687,9203.792561721877,-13.39576443447612,9.899604370905157,1750.1833769021541,15972.48131133425,25.582281179807453,7.327645819555317,-848.3458193504854,-6768.688749612373,140.7865362556269,4.017578300354985
,2014-11-03 00:00:00,921.1614324694976,10124.953994191375,-10.726557690324967,7.637041863295702,1646.8201108412436,17619.301422175493,4.914172884329493,7.09737200112619,-725.658678371746,-7494.3474279841175,34.92078516299484,6.376807932315254
,2014-12-03 00:00:00,1005.11543783744,11130.069432028815,1.765246693371214,7.079093301234374,1797.463646193876,19416.76506836937,15.883998935829347,7.854413830162854,-792.348208356436,-8286.695636340553,40.63481598637018,8.913607132115974
,2015-01-01 00:00:00,920.4476963793944,920.4476963793944,1.8291264776393312,1.8291264776393312,1681.638791031421,1681.638791031421,1.5817059203386608,1.5817059203386608,-761.1910946520267,-761.1910946520267,1.28412125817976,1.28412125817976
,2015-02-01 00:00:00,907.2515049439392,1827.6992013233335,7.704651090125769,4.6633211576203815,1529.5265400541437,3211.1653310855645,7.681381460898096,4.39849750704544,-622.2750351102045,-1383.466129762231,7.647473305480057,4.050686439809259
,2015-03-01 00:00:00,1068.1060192583623,2895.8052205816957,-0.1867516354034704,2.8204933112077057,1580.9272446218558,4792.09257570742,-5.452642199640945,0.9292073144076873,-512.8212253634936,-1896.2873551257246,-14.813250205144513,-1.8283763350825932
,2015-04-01 00:00:00,716.9613847423697,3612.7666053240655,-6.18853838356862,0.8975838409894576,1490.4509529838303,6282.543528691251,3.184476953925053,1.4552741428640603,-773.4895682414607,-2669.776923367185,13.715869638254796,2.2198356607466385
,2015-05-01 00:00:00,886.0799616559248,4498.84656697999,0.2886322861885171,0.7770623590503067,1585.454308617008,7867.997837308259,17.16394291194916,4.272386814996332,-699.3743469610833,-3369.1512703282688,48.90975425052855,9.336111640708356
,2015-06-01 00:00:00,945.5608430207931,5444.407410000783,-4.071464067827735,-0.09987154320865166,1678.7413939501657,9546.739231258423,16.627857364618848,6.251732981420877,-733.1805509293727,-4102.331821257641,61.597792247670654,16.043425659543885
,2015-07-01 00:00:00,937.1303438840304,6381.537753884813,-2.038848614347344,-0.3894051520582531,1533.8807808781642,11080.620012136587,-16.877311980130127,2.3109040082010424,-596.7504369941338,-4699.082258251775,-32.85030633876309,6.2214039970035495
,2015-08-01 00:00:00,802.1047080460835,7183.642461930896,-19.194207915133653,-2.9121737985960294,1523.3760244315254,12603.996036568113,-11.662907586288341,0.39149485175862253,-721.2713163854419,-5420.353574637216,-1.448239334737067,5.132675620689087
,2015-09-01 00:00:00,853.1930077327272,8036.835469663623,-5.498705624687627,-3.193459063237636,1582.7227992084577,14186.71883577657,-5.081441253742625,-0.2501642056688236,-729.5297914757305,-6149.8833661129465,-4.5887471093713605,3.877147634096678
,2015-10-01 00:00:00,850.7400210189741,8887.575490682597,-5.665935744727191,-3.4357257502131366,1638.2704551726467,15824.989290949217,-6.394354054921636,-0.923413322639921,-787.5304341536727,-6937.41380026662,-7.168702174235319,2.4927287528756503
,2015-11-01 00:00:00,838.4221305919958,9725.997621274593,-8.982063182529254,-3.9403277599647457,1464.8793205654338,17289.868611514652,-11.04800634131613,-1.8697268567425707,-626.457189973438,-7563.870990240058,-13.670543928572476,0.9276800004806018
,2015-12-01 00:00:00,820.500899422696,10546.498520697289,-18.367496057164555,-5.243192011472941,1644.7273874133791,18934.59599892803,-8.497321161622128,-2.483261592461705,-824.2264879906832,-8388.09747823074,4.023266450033636,1.2236704030192502
,2016-01-01 00:00:00,898.5946185751349,898.5946185751349,-2.3741792054257083,-2.3741792054257083,1589.1274650552757,1589.1274650552757,-5.501260227198035,-5.501260227198035,-690.5328464801408,-690.5328464801408,-9.282589965688803,-9.282589965688803
,2016-02-01 00:00:00,891.5970221812355,1790.1916407563704,-1.7254843532798492,-2.0521736038296656,1439.3103148514124,3028.437779906688,-5.898310545140173,-5.690381289620605,-547.7132926701769,-1238.2461391503177,-11.98212016119573,-10.49682297873613
,2016-03-01 00:00:00,949.011635083698,2739.2032758400683,-11.150052712684577,-5.4078894405118145,1566.028121829301,4594.465901735989,-0.9424293776478354,-4.124016196457914,-617.016486745603,-1855.2626258959208,20.31804773842085,-2.163423656172825
,2016-04-01 00:00:00,710.3897803653814,3449.5930562054496,-0.9165911186904019,-4.5165815272470216,1460.8906891889208,6055.35659092491,-1.9833100670458848,-3.6161617779298827,-750.5009088235394,-2605.76353471946,-2.9720710351900936,-2.3977055194180807
,2016-05-01 00:00:00,780.1272098015405,4229.72026600699,-11.957470706862338,-5.982117793220509,1589.8369421072923,7645.193533032202,0.2764276123546683,-2.8317789211833366,-809.7097323057518,-3415.473267025212,15.776298605188632,1.3748862244594262
,2016-06-01 00:00:00,900.5619459385096,5130.2822119454995,-4.758963679008222,-5.769685741707531,1675.8020357763319,9320.995568808534,-0.17509297050913863,-2.36461536218302,-775.2400898378223,-4190.713356863034,5.736586827778689,2.15442191066586
,2016-07-01 00:00:00,891.5439655383419,6021.826177483841,-4.86446508142625,-5.636753871462952,1432.798930567194,10753.794499375728,-6.58994177194786,-2.9495236945485725,-541.2549650288521,-4731.968321891886,-9.299611449773803,0.6998401354298966
,2016-08-01 00:00:00,866.3099109246001,6888.1360884084415,8.004591200433131,-4.113600796371286,1649.0886004680874,12402.883099843815,8.252235431069877,-1.5956283716751951,-782.7786895434873,-5514.747011435374,8.527633327536389,1.7414627200675659
,2016-09-01 00:00:00,897.8775700778094,7786.013658486251,5.237333398198718,-3.120902650354618,1508.2611045601427,13911.144204403958,-4.70465799099844,-1.9424832095611744,-610.3835344823333,-6125.130545917707,-16.331924807673992,-0.40249251443745804
,2016-10-01 00:00:00,855.0431213174927,8641.056779803745,0.5058067320454329,-2.773745338504219,1723.5223677947777,15634.666572198736,5.203775259021359,-1.2026720224027732,-868.479246477285,-6993.609792394993,10.278817022557952,0.8100423838954818
,2016-11-01 00:00:00,809.6505412056308,9450.707321009375,-3.431635251093612,-2.830458231483113,1732.0802257051048,17366.74679790384,18.24047219374585,0.44464297628028504,-922.429684499474,-7916.039476894467,47.24544617942455,4.655929313295082
,2016-12-01 00:00:00,859.0316990634382,10309.739020072813,4.696009433731563,-2.2449109546627266,1816.0953106251125,19182.842108528952,10.419229625721705,1.3110715941072826,-957.0636115616743,-8873.10308845614,16.116580273320793,5.7820693129057465
,Jan-17 ,864.7176173932837,864.7176173932837,-3.7699982262934695,,1798.9439527053685,1798.9439527053685,13.203250982940794,,-934.2263353120848,-934.2263353120848,35.29064404019662,
,Feb-17 ,867.8069877581088,1732.5246051513925,-2.6682496499288333,-3.2212772248569443,1611.1598884326759,3410.103841138044,11.939716669021738,12.602737416752085,-743.3529006745671,-1677.5792359866518,35.71934634827292,35.48027188986866
,Mar-17 ,1041.818219027803,2774.3428241791953,9.779288315671696,1.282838285462784,1869.3224849354765,5279.426326073521,19.36710834744735,14.908379754842095,-827.5042659076735,-2505.0835018943253,34.1138014435026,35.025816125876034
,Apr-17 ,794.6621201873861,3569.004944366581,11.862831103603444,3.461622464317138,1603.8822114429377,6883.308537516458,9.787968621622545,13.673050202070502,-809.2200912555516,-3314.303593149877,7.82399884419307,27.191264632794066
,May-17 ,841.2448575017796,4410.249801868361,7.834318164057774,4.268119982123486,1724.7493989305217,8608.05793644698,8.485930427834077,12.594375789894375,-883.5045414287421,-4197.8081345786195,9.113736216662494,22.90560652623117
,Jun-17 ,987.3032456286518,5397.553047497013,9.631908174816983,5.209671213197442,1540.9314766078398,10148.98941305482,-8.048120021886229,8.88310522340614,-553.6282309791881,-4751.436365557807,-28.586222741008495,13.380132711212278
,Jul-17 ,1015.1819586445046,6412.735006141517,13.867851489691386,6.491532919354603,1591.1295797476996,11740.11899280252,11.050444399607983,9.171874109032396,-575.947621103195,-5327.383986661002,6.409669807369545,12.582832856561964
,Aug-17 ,1000.6426914822159,7413.377697623733,15.50631925868704,7.625308247018858,1856.9005983045895,13597.01959110711,12.601627212601896,9.627894431080563,-856.2579068223736,-6183.641893483376,9.386972111075087,12.129203400645272
,Sep-17 ,1011.0255494559293,8424.403247079663,12.601715773823653,8.199184031710605,1666.6539924369974,15263.673583544107,10.501688825493316,9.722632152084,-655.6284429810681,-6839.270336464445,7.412537518251883,11.659176652531912
,Oct-17 ,975.5798144486419,9399.983061528304,14.097147866112337,8.782794756057566,1727.2388159062466,16990.912399450353,0.21563097647663287,8.67460665687152,-751.6590014576047,-7590.92933792205,-13.451126839648165,8.540933269920137
,Nov-17 ,940.9320110191799,10340.915072547485,16.214584333885718,9.419482810129299,1940.3833461695779,18931.295745619933,12.026182007803698,9.008877517031188,-999.451335150398,-8590.380673072448,8.349866872803124,8.51866893976798
,Dec-17 ,1019.5029136734678,11360.417986220953,18.680476492891216,10.191130581506403,2048.499456865169,20979.795202485104,12.79691351441581,9.367501873756257,-1028.9965431917012,-9619.377216264149,7.516003195717724,8.410520202102777
,Jan-18 ,965.3701425744971,965.3701425744971,11.639929979064533,11.639929979064533,2014.4907176540166,2014.4907176540166,11.981849941711364,11.981849941711364,-1049.1205750795195,-1049.1205750795195,12.298330225196818,12.298330225196818
,Feb-18 ,915.650345321389,1881.0204878958862,5.513133477627163,8.571069195956248,1977.993103576892,3992.4838212309087,22.76826885884484,17.078071731050535,-1062.3427582555032,-2111.463333335023,42.91230414133904,25.863702175187363
,Mar-18 ,1107.6632607514,2988.683748647286,6.3202044772303845,7.725826909351219,1978.5218342628234,5971.005655493732,5.841653872318142,13.099516627492381,-870.8585735114234,-2982.3219068464464,5.2391642423976315,19.05079829040577
,Apr-18 ,795.0546716824356,3783.7384203297215,0.04939854122616438,6.016620299226028,1793.6278037230775,7764.63345921681,11.830394459542926,12.803798012203282,-998.5731320406419,-3980.895038887088,23.399448781764455,20.112564434801516
,May-18 ,923.7576297403433,4707.4960500700645,9.808413270257542,6.739895959539033,1856.9579551295597,9621.591414346369,7.6653777227588815,11.774240895940459,-933.2003253892163,-4914.095364276304,5.624847596154936,17.063362753466738
,Jun-18 ,1024.3682844569344,5731.864334526999,3.75416965277795,6.193756394576155,1819.4798365092513,11441.07125085562,18.076622103573325,12.731137901659185,-795.1115520523169,-5709.206916328621,43.61831777364813,20.157495062198393
,Jul-18 ,1073.1643006891263,6805.028635216126,5.711522111961198,6.117415247923175,1754.4651588528998,13195.53640970852,10.265385119111414,12.396956264227544,-681.3008581637735,-6390.507774492395,18.29215595313689,19.955831802124656
,Aug-18 ,1037.3606140149984,7842.389249231124,3.6694339393408715,5.786991694014265,1887.11736795169,15082.65377766021,1.6272690996324446,10.926175229788981,-849.7567539366917,-7240.264528429087,-0.7592517200580517,17.087383990642003
,Sep-18 ,1055.2146080861978,8897.603857317323,4.370716314147383,5.617022314330633,1768.4101377475617,16851.063915407773,6.105415147494142,10.39979218092717,-713.1955296613639,-7953.460058090451,8.7804437553906,16.291061280112885
,Oct-18 ,979.096089464566,9876.69994678189,0.3604292507744633,5.071465364705441,1882.4734845031758,18733.537399910947,8.987446736801164,10.256217909268761,-903.3773950386097,-8856.837453129061,20.18447105493251,16.676589372040485
,Nov-18 ,979.5512009150912,10856.251147696981,4.104354984594538,4.983466855052154,1764.6054092036552,20498.1428091146,-9.058928345933182,8.276491395773489,-785.054208288564,-9641.891661417625,-21.451482360526477,12.240563350600532
,Dec-18 ,1033.3831084516703,11889.63425614865,1.3614669062778306,4.6584225208049945,1734.5814769958135,22232.724286110413,-15.32428914331987,5.972074901269275,-701.1983685441432,-10343.090029961768,-31.856100665878472,7.523489280303797
,Jan-19 ,1038.1468507890256,1038.1468507890256,7.538736180553918,7.538736180553918,1655.458756514842,1655.458756514842,-17.822467881971026,-17.822467881971026,-617.3119057258164,-617.3119057258164,-41.1591078862383,-41.1591078862383
,Feb-19 ,981.119883809676,2019.2667345987015,7.150058843182938,7.349534340131392,1432.39631128465,3087.8550677994917,-27.58335159539309,-22.658294784335887,-451.27642747497396,-1068.5883332007902,-57.5206378574063,-49.39110159621044
,Mar-19 ,1136.8623054590541,3156.1290400577554,2.6360939955565987,5.602643353826164,1729.043562407311,4816.898630206802,-12.609326191664971,-19.328520049634722,-592.1812569482568,-1660.769590149047,-32.0002954600884,-44.312866215533035
,Apr-19 ,798.1056022403444,3954.2346422981,0.38373846058317174,4.506025602941155,1595.57292195424,6412.471552161042,-11.0421393645733,-17.41436880643371,-797.4673197138956,-2458.2369098629424,-20.139317379366595,-38.24914031016063
,May-19 ,961.0197730366247,4915.254415334724,4.033757567637664,4.4133518765579804,1783.6946109147184,8196.16616307576,-3.9453421124836185,-14.814859516329214,-822.6748378780937,-3280.9117477410364,-11.843704347726725,-33.234674858121835
,Jun-19 ,1083.954426800322,5999.208842135046,5.8168671607181865,4.664180657550543,1399.8439347672734,9596.010097843035,-23.06350932402016,-16.12664681967262,-315.88950796695144,-3596.801255707988,-60.271045345576056,-36.99998426364696
,Jul-19 ,998.5344346682733,6997.7432768033195,-6.954188279737772,2.8319446091658262,1715.9194214006632,11311.929519243698,-2.1970078606427523,-14.274576129235427,-717.3849867323898,-4314.186242440378,5.296357422162878,-32.490712871669125
,Aug-19 ,1032.5052702891876,8030.248547092508,-0.46804781868656775,2.395434502053062,1573.6060230957069,12885.535542339405,-16.613240394065887,-14.567186038408476,-541.1007528065193,-4855.286995246897,-36.322865302364846,-32.94047508647665
,Sep-19 ,953.7545302038527,8984.00307729636,-9.615113087408766,0.9710391849821809,1710.5377216240204,14596.073263963426,-3.272567538956428,-13.381888898910976,-756.7831914201677,-5612.070186667065,6.111600528329131,-29.438632423151066
,Oct-19 ,977.2802613026087,9961.283338598969,-0.18545964808728277,0.8563932515195827,1815.7250913912596,16411.798355354687,-3.545781317049068,-12.393489787824574,-838.444830088651,-6450.515016755716,-7.1877562253130804,-27.169093359878783
,Nov-19 ,978.7856206740918,10940.068959273061,-0.07815622504308006,0.7720695702020608,1741.0910335719384,18152.889388926626,-1.3325571546518478,-11.441297106902514,-762.3054128978466,-7212.820429653562,-2.8977356150106215,-25.19289074242639
,Dec-19 ,999.9429518693603,11940.011911142421,-3.2359883095451236,0.4237107206869428,1784.1899823205385,19937.079371247164,2.859969738097501,-10.325522348592342,-784.2470304511783,-7997.06746010474,11.843818473146772,-22.6820279342159
,2020-01-20 00:00:00,1004.8850926174435,1004.8850926174435,-3.2039550229625124,-3.2039550229625124,1735.327088426726,1735.327088426726,4.824543746413057,4.824543746413057,-730.4419958092825,-730.4419958092825,18.32624464782535,18.32624464782535
,2020-02-20 00:00:00,988.5170201257566,1993.4021127432002,0.7539482624037364,-1.2808917916751428,1562.3238369901699,3297.650925416896,9.07064090307479,6.794226186493635,-573.8068168644132,-1304.2488126736957,27.151958739576386,22.053439304078992
,2020-03-20 00:00:00,656.2184495098973,2649.6205622530974,-42.27810647262841,-16.048408394461244,1205.0492034876243,4502.70012890452,-30.30544575696753,-6.522838145937748,-548.830753977727,-1853.0795666514227,-7.320478732125357,11.579569956186209
,2020-04-20 00:00:00,282.3103443550165,2931.930906608114,-64.62744484407207,-25.853390811827214,1122.60696271443,5625.30709161895,-29.642390688137688,-12.275523628277352,-840.2966183594135,-2693.3761850108363,5.370665052567136,9.565362646881903
,2020-05-20 00:00:00,586.6872740660409,3518.618180674155,-38.951591785439554,-28.414322365558764,993.8228128748569,6619.129904493807,-44.28290544841629,-19.24114552101933,-407.135538808816,-3100.511723819652,-50.510758313827694,-5.498472308668245
,2020-06-20 00:00:00,894.1352989903875,4412.753479664542,-17.511725873038163,-26.44440965828927,1055.4512879435235,7674.58119243733,-24.602217309389264,-20.023206372381765,-161.31598895313607,-3261.8277127727883,-48.93278032836309,-9.313095695893935
,2020-07-20 00:00:00,1085.021074654558,5497.7745543191,8.661357784322865,-21.435035027027006,1293.6943139058217,8968.275506343152,-24.606348190300764,-20.7184283540094,-208.67323925126357,-3470.500952024052,-70.91195897453231,-19.556070206627986
,2020-08-20 00:00:00,947.2286171577183,6445.003171476818,-8.259197854514067,-19.740925406221145,1289.0880100856452,10257.363516428797,-18.080638281387486,-20.396296430792006,-341.85939292792693,-3812.3603449519787,-36.82149005433648,-21.48022663368604
,2020-09-20 00:00:00,1000.0421286057493,7445.045300082567,4.853198274403292,-17.129978295565383,1524.8849953792833,11782.24851180808,-10.853471624611387,-19.27795716881239,-524.842866773534,-4337.203211725513,-30.648186597720027,-22.716518727266287
,2020-10-20 00:00:00,854.2753709427261,8299.320671025293,-12.586449888584706,-16.68422241473384,1362.7803874142035,13145.028899222283,-24.945665295069375,-19.905006053566055,-508.50501647147735,-4845.708228196991,-39.351404144538435,-24.878738897438645
,2020-11-20 00:00:00,783.6559445593846,9082.976615584677,-19.935895255625123,-16.975142941071397,1383.7005110189446,14528.729410241227,-20.526814259665027,-19.96464530267098,-600.04456645956,-5445.752794656551,-21.285542997978236,-24.49898277977628
,2020-12-20 00:00:00,964.4508442734063,10047.427459858083,-3.5494132469859996,-15.850775236816784,1526.6470333191699,16055.376443560397,-14.4347267697583,-19.469767137933335,-562.1961890457635,-6007.948983702314,-28.31388998408686,-24.87309862428464
,2021-01-21 00:00:00,936.6622814854385,936.6622814854385,-6.789115654438039,-6.789115654438039,1591.59019705071,1591.59019705071,-8.282985515216623,-8.282985515216623,-654.9279155652715,-654.9279155652715,-10.338135084955823,-10.338135084955823
,2021-02-21 00:00:00,951.7245740484459,1888.3868555338845,-3.721984075967666,-5.26814216449284,1523.603972592037,3115.194169642747,-2.478350741465163,-5.532931165268263,-571.8793985435912,-1226.8073141088626,-0.3359002131334998,-5.937632283987204
,2021-03-21 00:00:00,1093.7738520883445,2982.160707622229,66.67831465348763,12.550481759786658,1925.9318375289247,5041.1260071716715,59.821842291164494,11.957844467829283,-832.1579854405802,-2058.9652995494425,51.623789193553705,11.11046371689599
,2021-04-21 00:00:00,818.1842602092861,3800.344967831515,189.81731508229353,29.619185747731347,1706.9720121710045,6748.098019342676,52.054286929024315,19.95963792619524,-888.7877519617184,-2947.753051511161,5.770716261714637,9.444535372221008
,2021-05-21 00:00:00,891.7032201204976,4692.048187952013,51.98952824398955,33.34917137991462,1607.4340540931253,8355.532073435801,61.742519216605544,26.23308794352457,-715.7308339726277,-3663.483885483789,75.79669808896806,18.157395030604405
,2021-06-21 00:00:00,1007.0147013013269,5699.06288925334,12.624420760302968,29.149813501174382,1659.2043487791664,10014.736422214968,57.20330892882943,30.492285782104545,-652.1896474778395,-4315.673532961629,304.2932456418236,32.30844523339324
,2021-07-21 00:00:00,1103.9334293875042,6802.996318640844,1.743040312739308,23.74091100727931,1710.0957416175922,11724.83216383256,32.18700300649877,30.73675262919531,-606.162312230088,-4921.8358451917165,190.48397121022674,41.819175768305804
,2021-08-21 00:00:00,1101.0348746447219,7904.031193285566,16.237501137636556,22.638127290082053,1686.6675039530146,13411.499667785574,30.841920082784323,30.749969485871564,-585.6326293082927,-5507.4684745000095,71.30804109037885,44.463481312635025
,2021-09-21 00:00:00,1034.4575246293707,8938.488717914937,3.4413946212049185,20.059561193211373,1526.0326573702341,14937.532325155807,0.07526219973497117,26.779980155617377,-491.5751327408634,-5999.043607240873,-6.338608398582912,38.31594496247301
,2021-10-21 00:00:00,1192.3364394091789,10130.825157324116,39.57284500586611,22.06812531889506,1694.2769255028936,16631.8092506587,24.325015325300182,26.525467369970656,-501.94048609371475,-6500.984093334588,-1.2909470241442178,34.159627183197095
,2021-11-21 00:00:00,1211.4690722829193,11342.294229607036,54.5919584600453,24.874198290302708,1764.628143730678,18396.43739438938,27.52963012431222,26.621102747097947,-553.1590714477586,-7054.1431647823465,-7.813668789376704,29.53476646431641
,2021-12-21 00:00:00,1156.2853341767309,12498.579563783767,19.89054092724114,24.395817871974025,2240.979740627027,20637.417135016407,46.790953751423835,28.53898012023135,-1084.694406450296,-8138.837571232642,92.93876898941417,35.46782093707457
,Jan-22 (a),1102.6034670306735,1102.6034670306735,17.716223747375782,17.716223747375782,1959.3836352967767,1959.3836352967767,23.10855136753198,23.10855136753198,-856.7801682661031,-856.7801682661031,30.820529695487476,30.820529695487476
,Feb-22 (a),1093.3378369012546,2195.941303931928,14.879647611746982,16.286623024130908,1872.9492863064165,3832.3329216031934,22.928879157492243,23.020675852211436,-779.6114494051619,-1636.391617671265,36.324450817882806,33.38619674434524
,Mar-22 (a),1058.2320434309793,3254.1733473629074,-3.2494659284005745,9.121327333078666,1818.9123121575753,5651.245233760768,-5.5567659917113765,12.102836265570849,-760.6802687265961,-2397.071886397861,-8.589440702914219,16.421189173144658
,Apr-22 (a),970.9060449924372,4225.079392355345,18.66594020570449,11.176207110645109,1698.9619799051154,7350.2072136658835,-0.46925387228239357,8.922650391226217,-728.0559349126783,-3125.1278213105393,-18.084387042269135,6.017287293060303
,May-22 (a),1048.30075887742,5273.380151232765,17.56162086481656,12.389727044437947,1451.4641465787,8801.671360244583,-9.703036159851653,5.339447959599886,-403.1633877012798,-3528.291209011819,-43.67108854825468,-3.690276269745807
,Jun-22 (a),1248.7728586166036,6522.153009849368,24.00741091494114,14.442551987768383,1226.4752538413468,10028.14661408593,-26.080518367506656,0.13390459125031118,22.297604775256787,-3505.993604236562,-103.41888358110045,-18.761380408898166
,Jul-22 (a),1164.598544818325,7686.751554667693,5.4953599389122365,12.990676381894794,1286.84388421319,11314.990498299121,-24.750184864155333,-3.495501341142193,-122.24533939486491,-3628.238943631427,-79.8329033447954,-26.28281280091943
,Aug-22 (a),1225.3706146436166,8912.12216931131,11.292625044144478,12.754137115274954,1485.870236308291,12800.860734607411,-11.90497043276867,-4.5530995660755025,-260.49962166467435,-3888.738565296101,-55.51825348728301,-29.391541988823878
,Sep-22 (a),1079.8298985077095,9991.952067819018,4.386103131164809,11.785698714288028,1284.363138823137,14085.223873430548,-15.836457849044915,-5.705818291619124,-204.53324031542752,-4093.2718056115286,-58.3922727793376,-31.76792712973563
,Oct-22 (a),1051.563849532975,11043.515917351993,-11.806448685402838,9.009046606317582,1335.6650258777895,15420.888899308338,-21.16607351650388,-7.2807493947323,-284.1011763448146,-4377.372981956343,-43.39942996911959,-32.66599457696824
,Nov-22 (a),995.3306766048757,12038.846593956869,-17.841016384409023,6.14119463178453,1444.5641504195742,16865.453049727912,-18.137758623436806,-8.322178429658312,-449.2334738146984,-4826.6064557710415,-18.78765132804572,-31.577707695701907
,Dec-22 (a),1067.5928431750358,13106.439437131905,-7.670467520445001,4.863431642340288,1425.5633543297174,18291.01640405763,-36.38660232016,-11.36964337934293,-357.9705111546816,-5184.576966925723,-66.99803105594009,-36.29831137985827
,Jan-23 (a) (b),978.1692142738523,978.1692142738523,-11.285494420938512,-11.285494420938512,1423.3694642654602,1423.3694642654602,-27.35626456072393,-27.35626456072393,-445.20024999160796,-445.20024999160796,-48.03798378146686,-48.03798378146686
,Feb-23 (a) (b),981.9602879262027,1960.129502200055,-10.18692898168776,-10.738529363678428,1021.0436136907641,2444.4130779562242,-45.48471647599538,-36.21605617359454,-39.08332576456144,-484.2835757561694,-94.98681993518929,-70.40539865112795
,Mar-23 (a) (b),1037.4546018517647,2997.58410405182,-1.9634107385229416,-7.884928549335591,1449.5424020103417,3893.9554799665657,-20.307186205644555,-31.095620188203522,-412.087800158577,-896.3713759147464,-45.82641129256243,-62.6055696952107
,Apr-23 (a) (b),848.6106835552755,3846.1947876070944,-12.59600370889794,-8.967514443250124,1431.1968085591518,5325.152288525717,-15.760515803945063,-27.55099096220145,-582.5861250038763,-1478.9575009186228,-19.98058156427903,-52.67529568443655
,May-23 (a) ,1019.4882810840827,4865.683068691177,-2.748493459471635,-7.731228753653941,1466.2646603932596,6791.416948918977,1.0196954467974084,-22.83946229128174,-446.77637930917695,-1925.7338802277998,10.817696481956297,-45.420211480583916
,Jun-23 (a),1005.3431602556694,5871.0262289468465,-19.493512905990507,-9.983310417882386,1369.086346494299,8160.503295413277,11.627718717217594,-18.624012896354024,-363.7431862386296,-2289.4770664664293,-1731.3105820328663,-34.69819614902099
,Jul-23 (a),1020.4368441837171,6891.463073130563,-12.378660550112308,-10.346223315285897,1387.556281553127,9548.059576966403,7.826310446469997,-15.615840964235229,-367.11943736941,-2656.596503835839,200.313647282353,-26.780001397126608
,Aug -23 (a),1118.6450490874095,8010.108122217973,-8.70965602412841,-10.121203793630674,1426.0214119581046,10974.080988924508,-4.027863462618598,-14.270757127637236,-307.3763628706952,-2963.972866706534,17.994936386649528,-23.780608623124355

,Source: Sri Lanka Customs,,,,,,,,,,,,
,http://www.cbsl.gov.lk/pics_n_docs/08_stat/_docs/xls_external_sector/table2.02.xls ,,,,,,,,,,,,
,http://www.cbsl.gov.lk/pics_n_docs/08_stat/_docs/xls_external_sector/table2.04.xls ,,,,,,,,,,,,

,(a) Provisional,,,,,,,,,,,,
,(b) Revised,,,,,,,,,,,,

<new sheet>
sheet_name: Sheet1
,2018,2019,(%),2018,2019,(%),,,,,,,,,,,,,
,(US$ mn),(US$ mn),,(US$ mn),(US$ mn),,Category,2018-03-01 00:00:00,2019-03-01 00:00:00,Growth %,Jan-Mar-2018,Jan-Mar-2019,Growth %,,,,,,
1.  Consumer goods,477.1,351.9,-26.3,1360.4,912.3,-32.9,1.  Consumer  goods,477.1451967009315,351.8598858150376,-26.257271738694897,1360.4431554669227,912.2706076357806,-32.94312930534191,-0.04519670093145578,0.04011418496236274,-0.0427282613051041,-0.04315546692259886,0.029392364219347655,0.04312930534191395
Food and beverages,177.3,138,-22.1,526.3,334.9,-36.4,        Food and beverages,177.28862642619734,138.0359113500099,-22.14057148924201,526.2636453056633,334.90807211418235,-36.36116134914435,0.011373573802671899,-0.0359113500099113,0.040571489242008596,0.036354694336637294,-0.00807211418236875,-0.038838650855645085
Cereals and milling industry products,31.2,2.5,-92,89.6,9.7,-89.2,Cereals and milling industry products,31.247689573155384,2.5080588500351397,-91.97361826011678,89.5648975702112,9.6547236636202,-89.22041567004337,-0.04768957315538458,-0.00805885003513973,-0.026381739883220234,0.03510242978879319,0.045276336379799886,0.020415670043362866
    o/w Rice,29.7,1,-96.8,84.5,4.3,-94.9,          Rice,29.713375586275628,0.9500516729828762,-96.80261278216503,84.53460351904488,4.296594294889249,-94.91735441342519,-0.013375586275628848,0.04994832701712382,0.0026127821650305805,-0.034603519044878794,0.0034057051107510006,0.017354413425181292
Dairy products,34.4,40.6,17.9,93.2,64.6,-30.7,Dairy products,34.415340367356585,40.579407823132684,17.910813579001527,93.21549674514023,64.55930210863795,-30.7418783754926,-0.015340367356586171,0.020592176867317846,-0.01081357900152824,-0.015496745140225698,0.04069789136204349,0.041878375492601094
Vegetables,28,27.2,-2.8,98.5,71.7,-27.2,Vegetables,28.017454709726138,27.223273696434116,-2.8345937256617604,98.49203634133467,71.68115761969838,-27.221367044052503,-0.017454709726138162,-0.02327369643411714,0.034593725661760555,0.007963658665332218,0.018842380301620665,0.02136704405250356
Seafood,17.4,17,-1.8,58.6,50.3,-14.1,Seafood,17.353951478467696,17.041603370064866,-1.7998673604128879,58.60995797073802,50.339187238321955,-14.111545236980694,0.046048521532302544,-0.04160337006486614,-0.00013263958711218216,-0.009957970738021515,-0.03918723832195781,0.01154523698069454
Sugar and confectionery,29.4,20,-32,88.1,48.9,-44.5,Sugar and confectionery,29.436483797473556,20.024646129738418,-31.973376074702674,88.1020154220293,48.88342062113547,-44.514980290777196,-0.0364837974735579,-0.024646129738417955,-0.026623925297325712,-0.0020154220293022718,0.016579378864527428,0.014980290777195648
Spices,10.8,10.4,-4.2,25.4,29.1,14.8,Spices,10.812245159533754,10.352924147199627,-4.248155730441594,25.379863089636878,29.136555223736043,14.8018613056786,-0.01224515953375338,0.04707585280037385,0.048155730441593825,0.02013691036312082,-0.03655522373604114,-0.001861305678598768
Other food and beverages,26,20.3,-21.9,72.9,60.7,-16.8,Other,26.00546134048424,20.305997333405074,-21.91641183541117,72.89937816657303,60.65372563903236,-16.798020553151634,-0.005461340484238519,-0.005997333405073135,0.01641183541117286,0.0006218334269760817,0.0462743609676437,-0.001979446848366706
Non-food consumer goods,299.9,213.8,-28.7,834.2,577.4,-30.8,        Non-food consumer goods,299.8565702747341,213.82397446502773,-28.691249196534773,834.1795101612595,577.3625355215983,-30.78677568932551,0.04342972526586664,-0.02397446502772027,-0.008750803465225943,0.020489838740559208,0.037464478401716406,-0.01322431067449159
Personal vehicles,150,72.2,-51.9,358.8,169.8,-52.7,Personal Motor Vehicles,150.04087806494368,72.1513955740577,-51.91217453231132,358.7940636888644,169.8061648565776,-52.67308407760378,-0.04087806494368351,0.04860442594230108,0.012174532311320263,0.005936311135599226,-0.0061648565775840325,-0.026915922396220537
Medical and pharmaceuticals,47.4,44.1,-6.9,130,121.8,-6.3,Medical and pharmaceuticals,47.39096671264403,44.12418439072397,-6.893259514472994,130.01961698095005,121.78279419084107,-6.3350615709903195,0.009033287355968866,-0.024184390723966942,-0.00674048552700679,-0.01961698095004749,0.017205809158923557,0.0350615709903197
Home appliances,21,20.5,-2.5,68.3,50.2,-26.5, Home appliances ,20.983904184710855,20.468680887385403,-2.4553262004543996,68.26112384747708,50.15416371242961,-26.52602112954621,0.01609581528914461,0.031319112614596634,-0.04467379954560036,0.038876152522917096,0.045836287570395484,0.0260211295462085
 Clothing and accessories,27,22.5,-16.8,96.8,75.1,-22.5, Clothing and accessories,27.00957893466077,22.472219859014583,-16.79907371611594,96.83200871107522,75.0568625249169,-22.487549805075744,-0.009578934660769534,0.027780140985417034,-0.0009262838840591314,-0.032008711075221186,0.04313747508309973,-0.012450194924255698
 Telecommunication devices,24.4,22.8,-6.5,73,61.6,-15.6, Telecommunication devices,24.42675525657425,22.832882820022217,-6.525109126489714,73.02159160773874,61.637631829458755,-15.589854353535525,-0.026755256574251263,-0.03288282002221621,0.025109126489714306,-0.021591607738741914,-0.03763182945875343,-0.010145646464474467
 Printed materials and stationary,2,2.1,5.9,7.3,6.5,-10.3, Printed materials and stationary,1.984550487771048,2.1008737441839873,5.861441023029257,7.264970312799533,6.514039398447162,-10.3363246100176,0.015449512228951967,-0.000873744183987224,0.03855897697074351,0.03502968720046695,-0.014039398447161844,0.03632461001759957
Other non-food consumables,28,29.7,5.9,100,92.4,-7.6,Other,28.01993663342948,29.67373718963988,5.902228038008176,99.98613501235442,92.41087900892717,-7.576306457381563,-0.01993663342948082,0.02626281036011946,-0.0022280380081758366,0.013864987645575866,-0.010879008927162204,-0.023693542618437036
2.  Intermediate goods,1121.7,987.1,-12,3351.4,2774.2,-17.2,2.  Intermediate   goods,1121.7388858615006,987.1015285710351,-12.00255772421256,3351.389692268709,2774.2363893844413,-17.221312824817048,-0.038885861500602914,-0.0015285710351236048,0.00255772421255962,0.010307731291050004,-0.036389384441463335,0.021312824817048437
Fuel,398,407.9,2.5,1075.2,1018.6,-5.3,Fuel,397.97626958243046,407.8678049385473,2.4854585843762322,1075.1912225741776,1018.6306405900198,-5.260513739011263,0.02373041756953853,0.032195061452682694,0.014541415623767762,0.008777425822472651,-0.030640590019743286,-0.03948626098873653
        o/w  Crude oil,49.9,101.9,104,153.4,237.7,55,            Petroleum : Crude oil,49.944043,101.90413000000001,104.0366055267092,153.37375300000002,237.656451,54.952491121476285,-0.04404300000000205,-0.00413000000000352,-0.036605526709195146,0.0262469999999837,0.04354899999998452,0.04750887852371477
                  Refined petroleum,304.2,271.5,-10.8,797,659,-17.3,     Refined Petroleum,304.2293256610851,271.4919142573158,-10.760767829541573,797.0274225996802,658.9700468205424,-17.321533972925717,-0.029325661085124466,0.008085742684215802,-0.03923217045842797,-0.027422599680221538,0.029953179457606893,0.021533972925716682
                  Coal,43.8,34.5,-21.3,124.8,122,-2.2,Coal,43.80290092134531,34.4717606812315,-21.30256225921948,124.79004697449746,122.0041427694775,-2.232473079835684,-0.002900921345315055,0.028239318768498833,0.0025622592194807225,0.009953025502539958,-0.0041427694774966994,0.032473079835683816
"Diamonds, precious stones and metals",150.3,14.7,-90.2,375.1,47.7,-87.3,Diamonds and precious stones and metals,150.33337615136057,14.742053681615964,-90.19375865890673,375.1007284680751,47.652018506457644,-87.29620742111854,-0.033376151360556605,-0.04205368161596468,-0.006241341093272013,-0.0007284680750672123,0.04798149354235903,-0.003792578881459008
       o/w   Gold,139.7,0,-100,345.3,0.8,-99.8,Gold,139.66090741083215,0.01277075914449268,-99.99085588130477,345.3338011216623,0.8411250325328821,-99.75643130507328,0.03909258916783642,-0.01277075914449268,-0.00914411869523235,-0.0338011216622931,-0.04112503253288202,-0.04356869492671933
Textiles and textile articles,198.6,213.9,7.7,691.1,688.6,-0.4,Textiles and textile articles,198.5853482143316,213.88912797638062,7.706399238241768,691.105460358975,688.5534993237766,-0.3692578313406636,0.014651785668405637,0.010872023619384663,-0.006399238241767691,-0.005460358975028612,0.046500676223445225,-0.030742168659336433
Paper and paperboard and articles thereof,38.8,34.1,-12.1,122.7,103.7,-15.4,Paper and paperboard and articles thereof,38.82168460169217,34.132503102060305,-12.078768728720934,122.6671542193557,103.71734521863777,-15.448152458833043,-0.021684601692172123,-0.03250310206030349,-0.02123127127906521,0.03284578064430832,-0.01734521863777161,0.048152458833042644
Vehicle and machinery parts,26.2,20.2,-23,81.2,71.4,-12,Vehicle and machinery parts,26.22423485572354,20.189380910587804,-23.012507241249814,81.16047716013775,71.44908631241411,-11.965665047239792,-0.02423485572354167,0.010619089412195137,0.012507241249814172,0.0395228398622578,-0.04908631241410433,-0.034334952760207926
Wheat and maize,32.5,12,-62.9,107.2,53.2,-50.3,Wheat and maize,32.4770779393407,12.038072844334298,-62.93363317100604,107.23468020467189,53.24667681975146,-50.34565616447686,0.022922060659297472,-0.03807284433429814,0.033633171006044904,-0.03468020467188637,-0.04667681975145399,0.04565616447685983
Base metals,27.9,34.6,23.9,135.4,140.8,3.9,Base metals,27.9477323847612,34.62567633881784,23.8944035319941,135.42868849542108,140.76956275767049,3.9436801179906444,-0.047732384761200564,-0.025676338817838484,0.005596468005897748,-0.028688495421079097,0.03043724232952627,-0.04368011799064453
Plastic and articles thereof,66.1,47.4,-28.3,177.8,143.7,-19.1,Plastic  and articles thereof,66.11926443278314,47.433988431304634,-28.259957459862495,177.7608783204921,143.74074464289012,-19.13814445508406,-0.019264432783145935,-0.03398843130463547,-0.040042540137505966,0.03912167950790035,-0.040744642890132354,0.03814445508405839
Unmanufactured tobacco,7.2,3.8,-46.8,16.2,12.2,-25.1,Unmanufactured tobacco,7.197500558663522,3.827570164849145,-46.82084240699423,16.248275163757143,12.170547724042985,-25.096371144734174,0.0024994413364778367,-0.027570164849145318,0.020842406994233897,-0.04827516375714325,0.029452275957014606,-0.0036288552658270135
Fertiliser,11.9,39.3,229.3,74.7,48.4,-35.2,Fertiliser,11.931103758585438,39.28381919387905,229.25553233589991,74.66127093070925,48.35042258847497,-35.24028993111106,-0.0311037585854379,0.016180806120949853,0.04446766410009673,0.038729069290752705,0.04957741152502848,0.0402899311110545
Food preparations,34.7,25.6,-26.1,85.4,68.4,-19.9,Food preparations,34.66596447156852,25.605197909766193,-26.13735604914026,85.37679837146976,68.36942541548706,-19.920368625190832,0.034035528431481055,-0.005197909766192055,0.03735604914025714,0.02320162853024499,0.030574584512947922,0.02036862519083371
 Other intermediate goods,129.5,133.5,3.1,409.5,377.6,-7.8,Other,129.45932891025993,133.46633307889203,3.095183794293981,409.4540580014667,377.5864194848183,-7.78295828161856,0.04067108974007283,0.03366692110796521,0.004816205706019261,0.04594199853329428,0.013580515181729425,-0.01704171838143953
3.  Investment goods,378.6,389.3,2.8,1196,1128.8,-5.6,3.  Investment  goods,378.582583028958,389.3475472819002,2.8434916806827193,1195.9651704013372,1128.8244503495287,-5.61393606715802,0.01741697104199602,-0.04754728190016522,-0.04349168068271947,0.03482959866278179,-0.024450349528706283,0.013936067158020649
Machinery and equipment,210.6,213.9,1.6,651.3,639,-1.9,Machinery and equipment,210.56037107458607,213.92797661040925,1.599353913861723,651.2762528156378,639.0442161707248,-1.8781640804544475,0.039628925413921934,-0.027976610409240266,0.0006460861382771022,0.02374718436215062,-0.04421617072478057,-0.021835919545552418
Building material,112.3,135,20.2,378.4,375.7,-0.7,Building material,112.31028927854064,134.95077629409437,20.15887160561316,378.415993533396,375.72856357568924,-0.7101787460443543,-0.010289278540639657,0.04922370590563219,0.04112839438683835,-0.015993533395999293,-0.0285635756892475,0.010178746044354314
Transport equipment,54.9,39.5,-28.1,163.9,112.3,-31.5,Transport equipment,54.93745596832442,39.49590294334242,-28.107513813317485,163.86714914922908,112.26566659363561,-31.48982747518325,-0.037455968324422884,0.00409705665757798,0.007513813317483908,0.03285085077092731,0.03433340636438231,-0.010172524816749018
Other investment goods,0.8,1,25.6,2.4,1.8,-25.8,Other investment Goods,0.7744667075068966,0.972891434054177,25.620820704615422,2.405774903074525,1.7860040094789391,-25.76179894484446,0.025533292493103432,0.027108565945823004,-0.020820704615420738,-0.005774903074525106,0.01399599052106093,-0.03820105515553962
4.  Unclassified imports,1.1,0.7,-30.4,63.2,1.6,-97.5,4.  Unclassified  imports,1.0551686714333641,0.7346007393379637,-30.380728766324538,63.20763735676252,1.567182837052144,-97.5205799447834,0.044831328566635964,-0.034600739337963704,-0.01927123367546102,-0.007637356762515424,0.03281716294785619,0.020579944783406745
Total imports  ,1978.5,1729,-12.6,5971,4816.9,-19.3,Total imports  ,1978.5218342628234,1729.043562407311,-12.609326191664971,5971.005655493732,4816.898630206803,-19.32852004963471,-0.02183426282340406,-0.04356240731090111,0.009326191664971617,-0.0056554937318651355,0.0013697931963179144,0.028520049634710887

