<new sheet>
sheet_name: 4.06
,4.06 Assets and Liabilities of the Central Bank - Monthly,,,,,,,,,,,,,,

,ASSETS,,,,,,,,,,,,,,
,,,,,,,,,,,,,Rs. Million,,
,End of period,A S S E T S,,,,,,,,,,,,,

,,International Reserves,,,,,,Domestic Assets,,,,Total Assets and Liabilities,International Reserve as a Percentage of Currency and Deposit Liabilities,,
,,Cash and Bank Balances Abroad Including Treasury Bills,Foreign Government and non Governmental securities            (a) (b),Special Drawing Rights,IMF Related Assets                    (c),Receivables              (d),Total,Loans and Advances to,,Government and Government Guaranteed Securities                    (f) ,Other Assets and Accounts ,,,,
,,,,,,,,Government ,Others                         (e),,,,percentage of Curresncy and Deposit Liabilities,,
,2003 Jan,60695.2,93377.1,1029.5,55106.6,762.6,210971,32831.9,29.8,30395.7,28962.4,303190.8,99.9,,
,Feb,58923.1,101618.8,78.2,54908.2,622,216150.3,32826.2,27.2,25913.5,27893.4,302810.6,98.3,,
,Mar,59765.1,96183.4,78,55058.2,796.9,211881.6,32839.7,22.3,30274.3,22364.1,297382,96.26225587630113,,
,Apr,67787,108225.7,387.6,55532.8,1009.7,232942.8,32807,16.5,21993.4,32214.7,319974.4,100.54888134563122,,
,May,50536.9,122046.2,194.6,57093.1,574.5,230445.3,32726.5,16,25934.3,28821.87,317943.97,100.53656953241362,,
,June,60055.4,121039.3,203.4,56252.1,605.5,238155.7,32186.6,15.9,20703.2,30040,321101.4,102.5546543153311,,
,July,43121.8,133785.1,391.3,55892.5,999.2,234189.9,32673.2,13.6,10369.9,32978.9,310225.5,104.8,,
,Aug,50975.3,137181.7,199.1,55107.1,1339.9,244803.1,32747.6,13.1,10001.8,29251.4,316817,104.3,,
,Sep,54379.7,146325.1,201.7,55816,1420.5,258143,32766.6,13,2099.5,26036.1,319058.2,111.4,,
,Oct,64829.1,142805.2,256.9,56092.6,1604.1,265587.9,32808.4,10.8,3405.7,22216.1,324028.9,109.5,,
,Nov,61488,136216.6,75.1,57795,1119.1,256693.8,32807.7,10.2,10785.4,23793.9,324091,107.5,,
,Dec,84594.8,134261.8,59.8,59426.3,83.1,278425.8,31203.9,29.9,11513.9,33409,354582.5,108.5,,
,2004 Jan,74127.1,132210.2,233.4,59707.8,107.1,266385.6,35299.2,29.8,14147.4,24835.4,340697.4,107.1,,
,Feb,90551.8,128277.6,32,60561.9,85.1,279508.4,35283.6,29.4,17187.8,22195.3,354204.5,107.3,,
,Mar,111573,106936.9,31.5,59623.9,102.7,278268,35428.2,27,32448.9,23003.8,369175.9,100.4,,
,Apr,100473.1,108031.8,200.9,59024.8,5675.9,273406.5,35320.8,24.9,32119.2,22559.8,363431.2,99.216196169054,,
,May,83358,105632.1,3,60160.9,2315.8,251469.8,35459.5,24.3,34443.8,18373.2,339770.6,99.1488341614471,,
,June,100951.3,101669.2,287.6,62012.9,10369.8,275290.8,34722.5,24.2,36731.2,21285.7,368054.4,99.84784754142298,,
,July,105078,84361.6,289,62300.2,6086.6,258115.4,35497.2,22,44845.4,19913.9,358393.9,97.56432586732949,,
,Aug,122676.4,78412.3,25.2,62268.8,4533.5,267916.2,35182.3,21.4,47009.4,21519.5,371648.8,97.20294486433772,,
,Sep,112352.2,76290.3,25.5,62945.9,9512.8,261126.7,35392.4,21.3,49537.9,24016,370094.3,97.07857206854361,,
,Oct,115539.9,72720.7,299,64467.3,4722.7,257749.6,35257.8,19.1,71836.8,13383.6,378246.9,93.56789173334109,,
,Nov,117639.3,66306.95,35,66611.9,7704.1,258297.25,35296.1,18.6,72491.43,24013.5,390116.88,92.21137585621298,,
,Dec,146646,66145.8,19.5,67157.7,4639.3,284608.3,34791.1,29.9,73875.6,20707.6,414012.5,93.35481371731241,,
,2005 Jan,110040.6,70863.8,259.9,62454.8,121.5,243740.6,40779.4,25.3,65509.9,28846.1,378901.3,88.1259169968277,,
,Feb,113900.3,78338.3,41.6,62988.5,108.9,255377.6,40985.7,24.8,65571.5,29628.2,391587.8,89.16074711668514,,
,Mar,121764.2,93918.4,41,62089.8,111.8,277925.2,40877.7,24.6,61527.9,36124.9,416480.3,90.18596938692728,,
,Apr,152316.5,81706.5,373.4,62645.4,125.5,297167.3,40994.8,22.5,52972,33000.3,424156.9,93.97907944762557,,
,May,137654.9,69539.5,76.9,60940.5,146.3,268358.1,41008.5,21.9,52092.6,17943.9,379425,92.3194655918691,,
,June,140288.3,87721.7,88.2,60219.5,100.9,288418.6,40233.1,18.9,50728.1,24865.9,404264.6,93.1212260730367,,
,July,127563.8,97441.4,234.8,60454.3,134,285828.3,40922.9,16.6,56541.4,25658.1,408967.3,90.99659099012825,,
,Aug,147703.3,86563.4,58.8,61053.4,111.7,295490.6,41023.7,16.1,54974.3,29131.1,420635.8,92.3896057605423,,
,Sep,138161.4,102165.6,58.5,60705.7,132.8,301224,40768.5,15.9,48012.5,34031.3,424052.2,94.70362203060833,,
,Oct,147324.8,140628.7,426.7,60873.2,91.2,349344.6,40807.5,13.8,44588.8,24454.4,459209.1,96.47469098486897,,
,Nov,124055.25,127389.7,167.7,60048.8,73.8,311735.25,41029,8.9,39030.9,27040.15,418844.2,97.4768849247421,,
,Dec,154872.6,118930.7,154.5,60182.4,163.6,334303.8,39746.3,2469,35388.7,28689.1,440596.9,99.32206848290191,,
,2006 Jan,137409.89,135857.2,452.1,61107.6,118.3,334945.09,49318.2,2466.8,18484.7,30136.11,435350.8,102.74704438786463,,
,Feb,152010.5,146085.7,1940.9,60822.4,147.7,361007.2,49232.9,2466.2,13683.3,27591.59999999992,453981.1,103.71522951636342,,
,Mar,135064,159649.9,165.6,61232,79.9,356191.4,49401.9,2466.2,31752.8,17396.7,457209.8,98.99130372916082,,
,Apr,130957,167596.1,471,62994,108.5,362126.6,49385,2466.2,34471.8,15609.3,464058.9,99.3916721331273,,
,May,99912.7,163552.7,228.2,63838.4,77.1,327609.1,49145.6,2463.9,34157.6,15560.8,428937,100.52683065136263,,
,Jun,146437.7,162121.4,213.4,63802.1,67,372641.6,48956.3,2443.9,34604.4,15253.5,473899.7,101.3255689885922,,
,Jul,115343,164710.8,522.6,64311.1,108.5,344996,49365.2,2274.4,33568.9,14836.9,445041.4,101.53938434633044,,
,Aug,146842.1,165073.47,315.2,63450.9,141.8,375823.47,49422.9,2274.4,38517.57,15009.700999999943,481048,101.65816619796291,,
,Sep,101439.9,159112.3,316.3,63681,79.8,324629.3,49319.8,2580.8,50826.3,19939.4,447295.6,95.53169211790478,,
,Oct,125908,167085.1,486.5,66126.1,148.5,359754.2,49426,2573.1,56457.3,20664.600000000093,488875.2,96.82803407338065,,
,Nov,111020.28,183087.77,308.9,67340.8,87.55,361845.3,49396.1,2573.12,54427.12,21026.85,489268.49,100.06881981280513,,
,Dec,117506.92,175625.46,291.7,66984.44,155.84,360564.32,49015.4,2487.44,65275.1,15507.999999999942,492850.3,96.94583934016963,,
,2007 Jan,113321.2,177564.9,453.6,66960.46,103.2,358403.36,61875.6,2487.1,47509.7,27028.84,497304.5,98.57,,
,Feb,135768.8,179722.12,302.45,67646.25,118.51,383558.13,61908.5,2486.8,43609.25,22185.64,513748.32,98.76400198857638,,
,Mar,146211.94,180517.96,305.3,68302.9,133.6,395471.7,61616.5,2486.34,40156.95,14978.83,514710.32,101.53380939109884,,
,Apr,174084.08,185814.59,309.88,69437.52,256.19,429902.26,61886.6,2492.23,30325.07,30788.990000000107,555395.15,104.56634625605072,,
,May,129490.1,188496.23,153.19,69265.58,152.9,387558,61917.6,2551.52,28443.6,20232.15,500702.87,105.67237490208706,,
,Jun,165750,191097,138.2,69805.5,227.7,427018.4,61098.5,2551,40173.72,13707.09,544548.7,102.98674745496226,,
,Jul,126757,193876,140.08,70744.32,155.83,391673.23000000004,61921.9,2310.3,47568.4,21892.769999999902,525366.6,102.52126898962011,,
,Aug,155491.3,180651.66,57.6,71631.474,113.72,407945.7539999999,61941.9,2310.3,66501.16,14593.08600000001,553292.15,98.63595273046111,,
,Sep,130229,179456,58.7,73020.49,59.565,382824.68200000003,61838.5,2318,75151.11,15498.407999999938,537630.74,98.2053770441877,,
,Oct,217288.62,174083.49,933.9,72401.63,185.57,464893.21,61931.6,2350.49,12353.800000000003,41329.89999999991,582859.04,114.22736491753409,,
,Nov,169843.7,190251.7,773.8,72641.4,79,433589.6,61618.3,2350.4,33106.2,20788,551452.5,110.04261969642634,,
,Dec,174043.865,194106.515,740.172,71159.29000000001,277.145,440326.9870000001,60679.2,2093.651,41813.235,17022.29799999995,561935.371,106.55419629294127,,
,2008 Jan,186898.412,194568.394,742.1,71342.4,160.304,453711.61,76957.2,2092.919,13496.6,30792.605000000098,577050.934,110.18520695200593,,
,Feb,197685.05500000002,240962.077,612.144,71949.147,149.387,511357.81,76829.2,2092.858,10389.8,20781.32500000007,621450.993,111.0302583176618,,
,Mar,189794.964,217065,624.8,73437.327,200.536,481122.62700000004,76946.2,2092.858,5014,24263.671999999904,589439.357,111.86908567548477,,
,Apr,170485.182,232448.015,616.464,72560.49,183.126,476293.277,76922.2,2092.858,9952.5,19837.10400000005,585097.939,109.58656863023835,,
,May,169882.69499999998,213297.805,504.751,72402.68400000001,145.158,456233.093,76640.7,2092.858,9634.5,19914.298000000068,564515.449,110.0939973102189,,
,Jun,210332.633,215203.371,490.909,72865.748,106.541,498999.20200000005,75913,2091.847,143.2,21091.63,598238.878,112.70598333171155,,
,Jul,221167.25,226868.06,486.366,72191.448,142.471,520855.595,76588.5,1847.145,1447.6,16500.363000000012,617239.203,111.26739565919928,,
,Aug,289208.76,177730.005,367.345,70118.433,129.268,537553.811,76717.8,1847.084,389.1,15526.133999999962,632033.929,108.88184595702927,,
,Sep,202782.989,187244.762,364.619,69598.212,98.569,460089.151,76859.8,1845.244,15640.4,16361.087999999989,570795.683,106.54382797602658,,
,Oct,178807.493,159292.436,379.357,67409.638,72.451,405961.375,76418.1,1845.244,76691,20600.66200000001,581516.381,89.05666574666327,,
,Nov,165546.55599999998,118933.012,292.472,68078.968,107.192,352958.2,76769.8,1845.153,91958.2,23403.198000000033,546934.551,84.83659102360545,,
,Dec,177766.238,94720.574,220.853,72179.022,125.2,345011.88700000005,76307.7,1577.301,142274.5,33198.669999999925,598370.058,77.19122139900337,,
,2009 Jan,110783.364,69927.706,215.263,70352.035,49.832,251328.2,87435,1577.301,158258.8,30947.344999999972,529546.646,65.2484554258811,,
,Feb,141541.25100000002,57620.991,168.998,69471.05600000001,20.727,268823.02300000004,87291.6,1577.301,178819,37241.56999999995,573752.494,67.12518019401166,,
,Mar,117729.71399999999,37426.939,173.455,71303.01299999999,40.982,226674.10299999997,87572.5,1577.301,197992.6,48703.6540000001,562520.158,60.339717400520456,,
,Apr,140817.582,30855.954,209.215,74491.439,70.189,246444.37900000002,87571,1576.752,193074.4,32698.80500000005,561365.336,64.620248918576,,
,May,139474.754,31466.131,177.476,73691.225,81.782,244891.368,87525.9,1572.832,192381.5,36746.523999999976,563118.124,64.93738235286256,,
,Jun,187304.671,18397.109,163.218,73878.02500000001,29.476,279772.499,86312.1,1572.832,169963,39576.67599999986,577197.107,72.98324967860344,,
,Jul,213879.473,44547.027,59.134,74202.349,13.899,332701.882,87538.7,1292.804,156025,38992.90100000007,616551.287,78.91146989112305,,
,Aug,334384.852629,78727.135606,55128.601,74746.552,23.441,543010.582235,87694.2,1293.786,35537,47669.853942000074,715205.422177,106.3786511134047,,
,Sep,351389.297721,191100.394543,3329.077523,75623.345841,31.773763,621473.8893909999,67468,1292,3919,53826.41605900007,747979.30545,112.9096638221203,,
,Oct,323386.662953,286431.872954,2639.78424,75882.767998,29.722573,688370.810718,75474.4,1291.845496,7540,41828.90755799995,814505.963772,122.51857555423902,,
,Nov,336087.498974,307430.534901,2374.886525,76654.125086,40.747265,722587.7927509999,75390.2,1336.727631,15894,29736.680454000132,844945.400836,122.2541971306349,,
,Dec,232705.425772,376410.931686,2286.331383,74223.450105,32.740795,685658.879741,73880.5,1136.595709,37451,23745.785659999936,821872.76111,118.35015793814318,,
,2010 Jan,299221.042072,343439.394467,2281.724604,74073.895671,34.030672,719050.0874859999,87451.4,1861.595709,17661,49801.320442000055,875825.403637,117.79696388505269,,
,Feb,304189.49939300003,385017.28896,1982.849721,72862.08932799999,53.327763,764105.055165,87486.4,1860.499002,46860,30993.80460299994,931305.75877,114.33075098984024,,
,Mar,261960.45625,335502.571171,1957.503071,71930.697549,32.35062,671383.578661,82545.3,1860.499,20316,57917.06666500005,834022.444326,117.39676510350844,,
,Apr,307344.77871,347991.009084,1285.415468,71551.41084699999,40.922783,728213.536892,87323.7,1860.008696,21221,46836.12156300002,885454.367151,118.9339108367397,,
,May,363314.459487,236164.392437,998.71108,69536.99574799999,114.433273,670128.992025,87456.4,1860.008696,21685,42322.28810100001,823452.688822,115.9417930673464,,
,Jun,423254.46152400004,250830.333405,897.479324,69616.243892,138.404933,744736.9230780001,86199,1711.501499,25083,33801.001496999874,891531.426074,114.83289367425222,,
,Jul,324031.666222,346600.019216,772.424241,71019.40325999999,44.962188,742468.475127,83719.9228,1711.501499,37958.81619,55354.34048599994,921213.056102,111.5681749776448,,
,Aug,420249.479128,351006.341713,445.235049,70650.443236,72.149943,842423.649069,84049.6228,2231.161853,32360,55861.335050999885,1016925.768773,114.05615810399054,,
,Sep,315388.846038,414007.472825,392.972193,72314.52337199998,17.882954,802121.697382,83946.1228,2336.404147,18579,68431.63200099987,975414.85633,116.97336031751237,,
,Oct,333220.30885100004,512729.505601,599.939288,72890.777719,35.289461,919475.82092,83964.8228,2336.404147,1029,49508.25385999994,1056314.301727,122.06918078148388,,
,Nov,258298.37639599998,554804.578973,101.809189,70631.844071,21.8584,883858.4670290002,83326.0228,2727.153421,1512,39531.89084999985,1010955.5341,121.78126210731376,,
,Dec,243671.93329299998,547591.234748,273.070473,70926.19877699998,71.9189,862534.3561910001,77878.8228,2459.846375,2098,40435.518337999936,985406.543704,119.68524540880064,,
,2011 Jan,249345.9042,534375.974394,277.378234,72045.078796,20.032996,856064.36862,94059.5228,2566.111375,468,30832.90026200004,983990.903057,119.19354332202157,,
,Feb,282576.747353,526101.370145,356.131294,72298.27558199999,28.80447,881361.328844,98699.8128,2566.111375,1509,25387.17683000001,1009523.429849,115.36000080054211,,
,Mar,255723.17117699998,559200.041146,357.661842,72608.992355,43.09861,887932.9651299999,98639.0128,2565.134991,1670,23243.32098399999,1014050.433905,116.41146877821218,,
,Apr,277323.601321,563597.636064,683.711094,73791.967699,1134.736325,916531.652503,98625.0128,2622.606052,3299,41438.08753400005,1062516.358889,110.82473240422401,,
,May,340630.13042,469340.958612,66.374268,72813.53951700001,39.643928,882890.6467449999,98661.5128,3001.71761,674,44901.89751799998,1030129.774673,110.63330025949128,,
,Jun,502446.124873,487409.291073,66.267361,72696.260748,73.434109,1062691.3781639999,93344.8128,2846.259205,941,44663.87692600023,1204487.327095,109.6479970349145,,
,Jul,422368.892492,551875.547917,995.943291,72672.669766,20.380507,1047933.433973,98602.8128,2877.626528,1469,57048.247310000006,1207931.120611,109.78821765894497,,
,Aug,446820.58987300005,603381.296889,145.077712,73367.549868,70.460602,1123784.9749440001,98651.6128,2670.955483,255,67418.88589999988,1292781.429127,107.93340946406889,,
,Sep,287906.187227,584581.367566,1862.036917,71430.270636,58.963294,945838.8256399999,98644.712,2670.467777,64708,46497.99118699995,1158359.996604,98.68471166743309,,
,Oct,264919,626125.305651,1219.159474,72484.628735,26.177127,964774.270987,98666.012,2670.467777,79062,63953.41624599998,1209126.16701,98.09138541175744,,
,Nov,258745,523556.047406,507.432128,73357.587429,49.40682,856215.473783,98426.0128,2694.958992,119053,63812.35051300004,1140201.796088,93.89371073021343,,
,Dec,360507.72505,404983,502.111502,72588.404138,25.544344,838606.7850340001,94743.0128,2313.532834,169797,36256.86946199997,1141717.20013,89.22782794314948,,
,2012 Jan,299279,455924.876242,1125.615075,73335.171942,17.176859,829681.840118,112749.8428,2312.781924,176679,51922.11770199984,1173345.582544,87.39024670763006,,
,Feb,342668,444421.245817,564.982073,78232.125682,27.173168,865913.52674,112726.6428,2312.272693,208393,56393.11931099999,1245738.561544,86.47114564938622,,
,Mar,326757.078515,470761,595.286924,82428.38789799999,5454.716035,885996.469372,110197.4428,2311.923392,217774,45630.45321900002,1261910.288783,87.98648302775757,,
,Apr,488536.34111,394839.840476,1480.505481,84062.392217,45.757765,968964.8370489998,112743.1428,2562.847366,239879,39110.02795300027,1363259.855168,87.98962928321188,,
,May,417282.37129,410730.451681,713.308462,82797.51993200001,20.716057,911544.3674219999,112751.0428,2562.387105,217639,53917.487049000105,1298414.284376,88.07892409726449,,
,Jun,453637,458231,722.523226,83867.12677999999,32588.359429,1029046.0094349999,96744.5428,2198.590739,228300,35999.33997800038,1392288.482952,89.00975763965731,,
,Jul,532569,467832.931893,1494.755566,82312.92137,176.466898,1084386.0757270001,112751.0428,2198.477405,183483,105036.55956700002,1487855.155499,90.11507990432216,,
,Aug,452685,537368.988949,502.950166,83359.220278,182.595872,1074098.755265,112740.7428,2197.992888,204519,52988.60321999993,1446545.094173,90.0717279731414,,
,Sep,393082,577259.5,500.221336,82871.399367,2931.138498,1056644.2592010002,112760.4428,2197.328823,219970,42715.84580399981,1434287.876628,89.15902347072058,,
,Oct,322570.824369,571741.653901,1834.898566,82933.08705,1365.453917,980445.9178030001,112769.2428,2197.868165,207885,36207.577561999904,1339505.60633,89.44820437987161,,
,Nov,322477,532523.707163,502.890997,82764.998463,26.082517,938294.67914,112522.1428,2197.444524,218241,30338.184864000184,1301593.451328,88.5141773607666,,
,Dec,327748.561551,554218.6000000001,491.321813,80860.960506,2590.30925,965909.7531200001,111291.8428,1844.236868,168237,37165.07777199987,1284447.91056,91.59825032649506,,
,2013 Jan,355499.097367,522144.973544,3706.213969,80692.457908,9.072596,962051.8153840001,128103.8714,1844.139492,138955.57155,71003.21284599998,1301958.610672,91.38040019512323,,
,Feb,376175.734266,512464.036647,2431.099775,79953.447742,10.339663,971034.658093,128100.3714,1844.139492,117676.06646,74872.01593700028,1293527.251382,90.48823406231442,,
,Mar,380751.940836,483003.44133015204,2392.188381,78673.738822,22.905557,944844.214926152,127805.9714,1844.139492,137865.09355,68049.45911984798,1280408.878488,88.80762497596638,,
,Apr,475243.959388,444986.955037,3969.845949,79217.749667,19.349688,1003437.8597290001,128078.0714,1843.590909,96767.02245,44683.74991499982,1274810.294403,92.52506289318063,,
,May,390007.294457,477868.815296,2813.815254,78479.153513,28.197342,949197.275862,128060.6714,1843.203755,110936.73665,35864.62725599995,1225902.514923,89.1753953744362,,
,Jun,333077.303302,503672.9559227744,2901.350829,80920.578133,56.204117,920628.3923037742,125663.0714,1470.554808,107979.53547,31296.149084225763,1187037.703066,87.22603091652232,,
,Jul,348338.829864,483135.377081,4150.995506,82448.279821,57.452105,918130.9343770001,128097.0714,1470.40853,68902.26414,33566.40134099987,1150167.079788,91.62207331123017,,
,Aug,482620.525996,407288.720169,3071.569696,83472.54377,64.122388,976517.4820189999,125094.1714,1469.984889,62293.58697,56862.98745000013,1222238.212728,93.28455829789274,,
,Sep,517415.825695,402583.707504566,3084.534277,83830.238976,41.565674,1006955.8721265659,127979.5714,1724.209859,6369.1263,60886.19278743421,1203914.972473,101.37136635786193,,
,Oct,576725.639219,413492.76774,3069.650146,83425.724019,38.000454,1076751.781578,128101.7714,1724.148983,0,62399.23626199993,1268976.938223,103.01099751148858,,
,Nov,469415.684871,439649.332636,2032.05604,83363.618344,59.739142,994520.431033,128089.4714,1724.148983,0,59304.81238599983,1183638.863802,100.76914469057967,,
,Dec,541147.52796604,431703.17619840003,2032.1771497,83368.5867983,103.76028506000002,1058355.2283975,109167.0714,1375.39631,5251.51264,71858.31776949996,1246007.526517,103.9396258132864,,
,2014 Jan,576468.36337838,447918.73685936996,2023.6792571199999,83019.96694788,88.24383916,1109518.9902819102,146019.3714,1375.335433,10635.78334,89329.5347430897,1356879.015198,103.88243479156219,,
,Feb,606025.50338999,455866.17831150995,1111.17473898,83930.02209302,66.72445768,1146999.6029911798,146034.6714,1375.335433,16495.59872,67367.93056582031,1378273.13911,112.08023676183115,,
,Mar,582353.18699034,483707.43715072,1107.3102314300002,83638.12542457001,52.52796662000001,1150858.58776368,145875.9714,1374.862877,0,92098.84894632036,1390208.270987,107.28777465142929,,
,Apr,694047.74901173,468376.18409313995,1918.37992382,83794.63172317999,37.07172772,1248174.01647959,146050.3714,1541.701851,0,101156.90630340995,1496922.996034,111.19128936071951,,
,May,667997.89200565,471241.62474095,1156.0672866500001,83211.25242435001,67.66127177000001,1223674.49772937,145970.7714,1670.676851,789.45123,91600.56004163017,1463705.957252,115.88317048446125,,
,Jun,648090.7616004199,520742.87121887004,1158.7018372999999,83400.88174869999,60.615229979999995,1253453.83163527,143740.5714,1335.917196,0,70286.43134273007,1468816.751574,118.79267975530001,,
,Jul,673677.70139225,513566.61313214,1844.83340525,82555.83054275,54.917049379999995,1271699.89552177,145964.8714,1436.892196,168.45137,93082.42651022994,1512352.536998,120.24212653066692,,
,Aug,688907.31916653,494131.30485947,1192.33599626,81850.31008474,87.43735736,1266168.70746436,146028.4714,1565.709319,0,109885.45803464018,1523648.346218,125.70973172441096,,
,Sep,656629.72355032,473368.69049717,1165.78576026,80033.06605574001,82.20180971,1211279.4676732,145906.2714,1752.618269,83.66001,92839.17169780005,1451861.18905,122.74651731808657,,
,Oct,656505.0520981799,468004.0999495,1746.94428229,80092.69148871001,81.10101547,1206429.88883415,146047.6714,1881.109474,1742.41278,142793.80703685014,1498894.889525,119.16872679546293,,
,Nov,621663.36737213,443146.96964704,1212.2310841600001,79424.38975684,107.30529573999999,1145554.2631559102,145973.7714,1886.788337,8896.87141,152389.87602208997,1454701.570325,118.139407092397,,
,Dec,603772.84035942,446261.65823815,1199.89491264,78616.13388236,124.03593424,1129974.5633268103,143897.9714,1489.372014,6078.45216,182854.9090750597,1464295.26797587,110.75908379167299,,
,2015 Jan,545206.60539694,397633.59361902997,1177.85158976,77171.87338524,64.27823924,1021254.2022302101,159143.4714,1529.810814,82089.85306,127742.05720489006,1391759.3947091,103.75673885141326,,
,Feb,521246.41005730006,456838.78556765,1198.9778014,77448.05508060001,57.4343783,1056789.6628852503,159131.1714,1544.179314,86912.94218,117700.15542564937,1422078.1112048998,103.47837385684007,,
,Mar,462134.07487684995,433025.31849058,1175.2088836199998,75912.70017138,34.27735904,972281.5797814699,158659.9714,1569.780232,65335.94942,113755.67628849018,1311602.95712196,95.88135622944456,,
,Apr,534678.61260131,462232.58271021,1963.22649011,77394.22656389,33259.05372695,1109527.70209247,152961.4714,1569.780232,73292.97132,49730.931593530346,1387082.856638,96.56501744767888,,
,May,413961.21794327995,471324.00059504,1563.9248331,77094.02906989999,14496.9110260375,978440.0834673576,152889.1714,1569.780232,48800.21997,47232.59712287993,1228931.8521922375,96.11593541689484,,
,Jun,522208.32410877,473686.62269709,1579.43909378,77858.80806522,5497.043481639999,1080830.2374465,150585.9714,1167.281647,36472.58067,47882.72821845999,1316938.79938196,93.93372307794273,,
,Jul,460921.90879129,427405.33768065,1207.1188958599998,77135.02155514,363.82491138000006,967033.2118343201,152944.7714,1167.281647,66166.59235,47765.81020034989,1235077.66743167,89.32377896694659,,
,Aug,483525.98073849,372964.00085366,1222.14787129,78064.18455871001,9912.73132761,945689.0453497599,152952.4714,1167.281647,92071.86593,47209.959105340065,1239090.6234321,83.50049925642328,,
,Sep,563039.4605582099,378885.34430904,1285.18347764,82096.28379336,11.31748461,1025317.58962286,152852.8714,1167.281647,171116.98843,45623.02284696,1396077.7539468198,83.0041968123641,,
,Oct,526609.193373,379538.60656567005,1275.4662446099999,81475.55629839,12.11454103,988910.9370227002,152955.1714,1166.733065,186278.22564,45821.94444432971,1375133.0115720301,82.88439521658887,,
,Nov,652641.8322653399,383861.11762853997,955.0736968099999,81371.20451119001,16.20567288,1118845.43377476,152912.2714,1166.672188,115848.46221,44494.04044145974,1433266.8800142198,92.88996932545359,,
,Dec,666960.7666995901,376041.36945804,970.27193934,82666.07767666,35.75540235,1126674.2411759803,151131.6714,886.35784,79216.96716,68349.41002796008,1426258.6476039402,92.02132725729513,,
,2016 Jan,542006.9824613599,355674.95354531,965.65948901,82273.10209899,48.13168468999999,980968.8292793599,184823.4714,886.35784,152010.76858,87417.95439461782,1406107.3814939775,81.04580621495691,,
,Feb,638667.18093122,325669.82235216,984.91904327,115550.02288373,2.95393544,1080874.89914582,184823.2714,886.35784,200005.88123,43421.17274072813,1510011.582356548,79.94588510268916,,
,Mar,613088.09692191,326961.675497,1001.37239453,117480.31870547,16.809874970000003,1058548.2733938799,184743.3714,885.809257,222213.17027,45610.58306115004,1512001.20738203,76.8933590412714,,
,Apr,571869.11371875,313314.98754494,1004.59908566,118190.19933634,1480.03519352,1005858.93487921,184821.4714,885.809257,239607.88409,40493.01602345775,1471667.1156496678,75.53441042257924,,
,May,492148.89237463,318820.33714496,797.08192501,118489.21844299001,3234.3671562,933489.89704379,184792.0714,885.748381,222883.64202,40184.45344687812,1382235.812291668,74.99792622840718,,
,Jun,460859.64336948,287055.23889842,597.1792209600001,117742.96888704,1483.37588006,867738.4062559601,182743.8714,676.986822,273806.64796,40684.84651863016,1365650.7589565902,71.60458727431708,,
,Jul,659232.6331522099,288207.071421,799.95999318,117683.90802482,913.9769188,1066837.5495100098,184888.9714,676.986822,271561.43623,39883.53142356826,1563848.4753855779,74.87230673856642,,
,Aug,823097.98923052,277586.54948514997,594.03152056,117662.88041144,32.48002162,1218973.9306692898,184620.0714,676.925945,212246.5059,41457.06044981,1657974.4943640998,80.94259232922116,,
,Sep,605319.2217399001,325524.51323362,599.16299054,118685.46900346,2574.96495002,1052703.33191754,184801.6714,676.465685,213056.43133,40304.0453882399,1491541.94572078,78.0707298827561,,
,Oct,505447.52967751,376958.57461009,591.30493659,117128.90287141,4148.73819766,1004275.05029326,184814.6714,676.438239,225185.18993,40496.8610124297,1455448.21087469,76.45658452030546,,
,Nov,451820.82514786,388662.55511387,301.42645981,116072.51454719,354.16772794999997,957211.48899668,184796.5714,676.377363,232802.547957,52702.69034242979,1428189.6760591099,74.76866248511574,,
,Dec,548126.35147566,378427.23700241995,303.06965167000004,116705.27058133,6237.940959209999,1049799.86967029,83306.7714,484.043399,330042.746034,65576.66661304492,1529210.097116335,77.89538464260886,,
,2017 Jan,474727.067581603,357686.46800195414,307.24360741000004,118312.56656559,3438.9127010326006,954472.2584575897,203666.0714,484.043399,207403.639916,89511.52499205503,1455537.5381646447,74.51638153333049,,
,Feb,520894.1218775,353814.13924891,21.45440248,118672.83094452,6576.83009914,999979.3765725499,202818.6714,483.982522,253397.418971,44626.65665378515,1501306.1061193352,73.45479550624779,,
,Mar,433619.1919413858,347329.42342965084,21.570262399999997,119313.69819360001,4470.3171871800005,904754.2010142166,203639.5714,483.494817,263375.43327,43020.44295262522,1415273.1434538418,71.77807765690487,,
,Apr,399658.72785642004,347149.87595473,331.76695018,120691.02929382001,10960.336521570001,878791.7365767201,203751.8714,483.494817,273759.540326,40434.806921034586,1397221.4500407549,70.09982580610301,,
,May,670272.4305465601,341820.37496411,29.33232564,122342.83024936,5878.45815949,1140343.4262451602,203653.8714,483.43394,211302.454952,48991.6048414649,1604774.791378625,78.29566390475215,,
,Jun,706294.18807001,410958.5558094399,37.54536154,123781.62581346,44606.71969710001,1285678.6347515502,196975.5714,304.588472,214085.846073,40331.81205029506,1737376.4527468453,81.39882550409637,,
,Jul,633499.2631508599,478696.677481312,714.47804088,125414.86415512,14682.903589147798,1253008.1864173198,202890.1714,331.890007,136912.606992,40686.9744345448,1633829.8292508645,85.01696202643139,,
,Aug,660865.133955915,519587.04611716507,349.11325686000004,125186.21156114,12466.02769775,1318453.53258883,203652.7714,331.82913,90200.424518,61428.43309730012,1674066.9907341301,88.81964049873828,,
,Sep,628052.2943109731,592839.4195817898,349.69112763,125400.23016636999,20354.02245371322,1366995.6576404762,203770.0714,331.341424,49093.815907,53836.54378376971,1674027.430155246,91.12727920724943,,
,Oct,561922.2658827122,592805.1084252814,348.67790847000003,125036.88690353,17888.745667078925,1298001.6847870725,203654.0714,331.341424,43739.084714,55421.314635280054,1601147.4969603526,91.29699274613797,,
,Nov,549234.3643387079,602840.9817522692,362.49548393000003,126135.75940807001,15852.149260370152,1294425.7502433471,203612.0714,331.280548,7007.429711,61701.828290819656,1567078.3601931669,93.66597214061653,,
,Dec,601550.9122872712,596217.6872816113,677.13168676,126161.02071724001,3806.57289610125,1328413.3248689838,199800.8714,223.70168687,25576.202246,50819.42529645981,1604833.5254983138,93.39192479252095,,
,2018 Jan,508238.28573042044,716924.5613395177,696.01623579,129679.52978621001,5491.656521610198,1361030.0496135484,224737.1714,223.70168687,8049.02278784,57727.32578610978,1651767.2712743683,95.336616161159,,
,Feb,489439.4185832478,737518.3713326707,82.08628356999999,129778.26155343,2528.5230444717145,1359346.66079739,224752.8714,223.701687,1065.468542,54591.92671580007,1639980.62914219,95.155656314735,,
,Mar,416636.6906605363,747848.5670335856,83.11438612,131403.68977488,10380.14835305996,1306352.210208182,224736.4714,223.153105,37474.359687,39919.56341923983,1608705.7578194218,90.39112764933287,,
,Apr,842425.8155426881,749628.4713482618,829.7455010399999,131388.19904496,7191.944205454212,1731464.1756424045,224739.3714,223.153105,67398.865535,39335.245937089436,2063160.811619494,91.2900036658454,,
,May,628667.3576968523,758197.0656921209,334.80518957,129796.57248043,2887.2662227409196,1519883.0672817142,224745.4714,223.092228,67053.401114,39091.78385044006,1850996.8158741542,90.31712829248268,,
,Jun,675321.4996396928,752179.0439007645,980.9194256000001,129244.68074139999,18616.34416598,1576342.4878734373,218320.8714,141.340687,89885.903721,38520.80379767972,1923211.4074791172,89.87454248420383,,
,Jul,582699.4781325209,743059.720066749,988.71936512,130272.39073088001,3717.416704032177,1460737.7249993018,224744.7714,141.340687,32724.261671,48449.62374425051,1766797.7225015522,93.32386075579115,,
,Aug,628680.8453850583,739940.133461882,77.11475884999999,131385.21771415,7700.736670961613,1507784.0479909019,224724.3714,141.279811,21870.780189,52138.15546788997,1806658.634858792,93.57280237274597,,
,Sep,433675.93245325366,758431.3311961648,80.46923702,137108.19834698,14582.268598511899,1343878.1998319302,224743.7714,140.792105,144471.871766,38925.207996080164,1752159.8430990104,87.06114796867959,,
,Oct,600776.3914685858,766843.3480879869,1287.18093324,139941.75654376,5657.5027874014095,1514506.1798209744,224750.0714,140.792105,193467.040501,39050.39679614967,1971914.4806231242,87.6239781318333,,
,Nov,542990.5757293771,726349.6251371633,212.85753695,144306.55680204998,2936.2826511346484,1416795.8978566749,224767.0714,140.731228,213848.927831,38844.47360326955,1894397.1019189444,87.38703715489147,,
,Dec,521809.9917850518,732343.6332727259,217.12645135,147200.65910215,1019.5748033799027,1402590.9854146575,198632.5714,95.96274982,274485.56560011,41633.64906051988,1917438.7342251074,86.92871908007706,,
,2019 Jan,370877.6078462927,714639.9180091996,1274.0312128399999,146300.14507803,2734.0812718382704,1235825.7834182004,237797.9714,95.96274982,279025.550092,40806.078859733185,1793551.3465197536,81.92710728196936,,
,Feb,346656.60264886374,682533.3911761191,65.83903701,145948.95970498,44201.096921365744,1219405.8894883385,236817.6714,95.96275,275123.349224,42271.37185803172,1773714.24472037,81.7406059490357,,
,Mar,655794.5655046769,666053.3328428015,64.04663343,141975.64149421002,16907.42400030549,1480795.0104754241,237804.3714,95.441613,267259.097758,45990.617170039564,2031944.5384164636,84.50811735044292,,
,Apr,606022.2705848832,645292.9033855703,1277.9406615599999,141184.75525014,12321.576237678039,1406099.4461198316,237810.3714,95.414168,198623.15931,46453.43993572006,1889081.8309335518,90.16380217528369,,
,May,523560.7127832587,647424.8882806264,1361.41195513,141200.57756638998,16724.630897483545,1330272.2214828886,237891.1714,95.353291,79638.150773,108970.84712621034,1756867.744073099,94.95639769567794,,
,Jun,909699.1740315742,658841.750191586,1287.5949205499999,142664.21401486,8074.7840974197115,1720567.51725599,236564.4714,56.651909,106603.184149,76733.60614404175,2140525.430858032,96.25712906510125,,
,Jul,766988.4523427403,712684.5951251534,2556.48171042,140906.02701177998,12218.280454272526,1635353.8366443664,237622.3714,56.651909,108478.353245,48257.384979979135,2029768.5981783457,96.1794911852892,,
,Aug,785599.6807060211,729939.8539276809,1312.3220733,143745.89088422002,29982.69063843247,1690580.4382296547,237807.8714,56.591033,113208.45397,46638.16810708959,2088291.5227397443,96.27220684626245,,
,Sep,671420.1356832421,713721.7726900347,1316.1986066099998,144162.11067059,11385.952465113278,1542006.17011559,237810.1714,56.13594,145623.880416,44307.76070454437,1969804.1185761343,96.05149205449159,,
,Oct,679509.0647736753,722856.3712995056,1329.33738139,145601.18950232002,26120.26648797469,1575416.2294448654,237815.8714,56.13594,112377.769542,44806.984377866145,1970472.9907047316,97.56047005347362,,
,Nov,595384.9576552905,764004.9212914716,1308.8457778499999,144643.62783498998,12594.27874303926,1517936.6313026412,237811.7714,56.075063,94931.540762,61042.45627637976,1911778.474804021,97.42601140774329,,
,Dec,594094.6436537952,768469.6894616727,1319.57606673,145830.88659297995,61.96641495,1509776.762190128,236608.9714,39.288835,126866.762077,46125.65461765672,1919417.4391197846,97.6021113749458,,
,2020 Jan,576087.122596718,790935.994094262,1315.61018543,145392.60340721,13833.30059410317,1527564.630877723,237811.3714,39.288835,97759.729583,44773.46024416736,1907948.4809398905,99.34166643465574,,
,Feb,630401.7889868176,825752.8406966038,84.06791087,145181.69745904,15853.003010735041,1617273.3980640667,237809.1714,39.227958,70866.901713,71227.14814520604,1997215.8472802725,100.45542463665322,,
,Mar,485405.4096099254,908015.3102771826,86.68116875,149694.68251426,658.8338479060141,1543860.917418024,237791.8714,38.767698,236238.259415,44235.082788950065,2062164.898719974,95.58331078663363,,
,Apr,442551.538719381,936828.2563570386,1404.89708583,153228.66539179004,38708.689657552735,1572722.0472115923,237809.5714,38.767698,328504.16192,45037.634124062024,2184112.1823536544,95.5624969756745,,
,May,402165.14447408204,855874.9245901874,488.30018351,148621.86562066994,18705.903446867724,1425856.138315317,237810.1714,110.24025264,368355.932205,46536.767380545614,2078669.2495535028,88.82633444224874,,
,Jun,410174.24591738405,832007.143269075,489.45860917,148974.45075736,13367.358433140424,1405012.6569861297,235980.5714,2901.8977136,321302.567322,46920.75446150568,2012118.4478832353,96.89515095735688,,
,Jul,515993.50231316563,833311.9526779568,1183.43736471,152567.723908,14165.862751671044,1517222.4790155035,237841.1714,28148.44993989,312886.395634,47332.0533334082,2143430.5493228016,94.1406917874353,,
,Aug,654686.1998401168,832672.0552807432,497.20934532999996,153595.36025407,10391.533193233014,1651842.357913493,237786.6714,52899.96702079,297592.360195,47407.05612382013,2287528.4126531035,96.59086057176411,,
,Sep,909202.9803321976,829210.4578842177,491.55352913,151799.92524226004,4643.191946917762,1895348.108934723,237807.7714,77272.20852631,340543.084427,48333.244508217555,2599304.417796251,93.41711849940482,,
,Oct,461041.18296061456,817516.5068125705,1166.29718675,151303.93115555999,3056.50333801,1434084.4214535053,237810.6714,99448.81894769,498084.886709,49093.55866241502,2318522.3571726102,80.15589905265425,,
,Nov,437449.38501934987,806686.8311059372,477.24258511,153812.07612498,9472.9446717,1407898.4795070773,237808.8714,108675.18612756999,562614.38689,49836.63328474015,2366833.5572093874,77.99999638967171,,
,Dec,479514.27447681234,743999.7864895278,491.87428948,158465.39690245996,1716.2453169903392,1384187.5774752705,153061.9004,111232.46450872999,717259.93868,55855.286130932625,2421597.167194933,75.91550802596113,,
,2021 Jan,481983.64338527346,664777.1061077192,1289.5791729100001,162804.34894587004,3.27104008,1310857.9486518528,198171.2004,109629.1269178,727532.303939,58055.568685825914,2404246.1485944786,70.08929590730587,,
,Feb,455044.7899571759,504135.64271872054,539.3468297200001,163143.39806736,742.7341752644437,1123605.9117482407,198182.3004,110734.41227740998,798840.115532,55877.74572509434,2287240.485682745,65.76732976907667,,
,Mar,388605.2268230152,402399.4889114488,542.0564042999999,163962.99908536,7341.406189269999,962851.177413394,198190.1004,109461.55675732,895049.030248,51562.94289544644,2217114.8077141605,58.30093840514802,,
,Apr,685705.0515040654,143679.72720348727,1293.74135001,166557.83060375997,18084.810657429996,1015321.1613187527,198198.9004,110177.21957589,873208.6212,53405.616066419054,2250311.518561062,59.56869593508473,,
,May,753383.48806302,127623.1567600855,584.2470846599999,167532.81592956997,4328.2292165544995,1053451.93705389,198189.9004,110489.25799965998,857266.404321,57395.23932940746,2276792.7391039575,60.49921983678068,,
,Jun,637656.5684057716,126208.71281754968,1737.8379774100001,166770.48161955999,13.74319846,932387.3440187513,196267.6004,102989.53779614998,983416.821832,66155.41463268595,2281216.718679587,55.11292219803708,,
,Jul,507580.089895018,76087.5869202984,2444.01444052,166016.95030341,408.38559181450006,752537.027151061,198182.0004,98814.40811965999,1220848.994488,53961.62992024282,2324344.0600789636,41.635547216374626,,
,Aug,590405.30792784,79020.61567427998,27159.93336185,173853.94872507002,1809.82317075,872249.62885979,198189.4004,94749.06158902998,1337213.262287,53747.33452508226,2556148.6876609023,42.62327417445807,,
,Sep,375499.94785767543,74168.49953907677,25585.36905604,163723.0709195,355.7310874373715,639332.6184597296,198189.7004,92089.96077503999,1633800.744478,54398.46520293085,2617811.4893157003,30.514633622227183,,
,Oct,306959.9239158738,74957.20594800028,25945.7685813,166084.34182114998,2678.356430896464,576625.5966972205,198167.7004,88747.40481028,1683370.821171,156511.37254182296,2703422.8956203233,27.236822995423903,,
,Nov,277373.41571517003,8917.19653272904,24985.589389880002,164517.14918899,19.87340661,475813.22423337906,198202.1004,87872.64583014,1796803.996741,138367.17631874327,2697059.1435232623,22.71335056713297,,
,Dec,547895.34930523,8874.097335624761,24800.56242432,163244.72312179,19.63499068,744834.3671776447,150128.8004,90358.29204158,1945352.659167,115604.03884766623,3046278.1576338913,30.53421454676582,,
,2022 Jan,400426.64814335,8703.394045,24719.589499470003,162711.73509183002,0.8981867800000001,596562.2649664301,224799.8004,85611.92539399,2163336.776637,138753.56110671116,3209064.3285041316,22.96605810004124,,
,Feb,379236.94384394,8624.416854,24034.730055279997,162963.62426799003,0.40869109,574860.1237123,224730.8004,77919.32652399999,2218358.655023,71425.97613080079,3167294.881790101,21.823802036166267,,
,Mar,499004.3127409,9395.866708,35423.59165554,240183.97116042,5513.474049979999,789521.21631484,224787.3004,73065.73383825,2458920.642548,83579.67143174121,3629874.564532831,23.35295898606219,,
,Apr,545791.69328824,10570.934738,39378.51234351999,267037.50279466,5056.29880074,867834.9419651601,223925.2004,69927.48702862998,2666555.451856,96346.0612489609,3924589.142498751,22.760198879799105,,
,May,635390.01858391,11171.48984,6032.43074796,282940.93571206,10127.10501549,945661.9798994199,224612.4004,67847.55296655,2681160.937947,92757.36395513173,4012040.2351681013,24.19793517277478,,
,Jun,626264.01497474,11077.571632,5919.95412734,277665.41048777,10104.904478259998,931031.85570011,223106.2004,57391.76781610001,2871915.576645,98281.83350994112,4181727.234071151,23.291820356830804,,
,Jul,613108.88615602,11249.225566,5916.42024833,277499.65988301,4684.6142438100005,912458.80609717,224817.6004,51887.59468064,3040051.739353,86346.23640982155,4315561.976940632,22.607097868234582,,
,Aug,578360.8592586099,11004.400731,3045.26027372,273096.72505689,89997.17073703,955504.41605725,224800.0004,43317.88772404999,3086881.302404,58525.207839461975,4369028.814424762,24.14568437014869,,
,Sep,598702.85366621,10784.298502,3009.56014863,269809.63632938,82097.87925604,964404.2279022599,224799.9004,35962.48147808,3078331.73107,62608.917776689865,4366107.25862703,24.510757071685994,,
,Oct,570902.04568477,10698.113047,24000.81262151,270827.28276725,68571.54732176999,944999.8014423001,224780.9004,34349.830489800006,3127394.966431,57479.51086512953,4389005.00962823,24.092457206473224,,
,Nov,619481.6768281001,10880.58323,14871.87131403,277399.80014069995,37066.26642527,959700.1979381001,224020.6004,32899.86964168,3146021.622219,57396.60221833084,4420038.892417111,24.494381859545538,,
,Dec,661691.18648648,10867.42513,626.46073688,280765.08200482,37080.44935977,991030.6037179499,235638.7004,28216.696708030002,3197064.233532,58396.86753328983,4510347.10189127,25.060290708397847,,
,2023 Jan,736376.9919764601,10983.725096,7811.4548437799995,283673.12269350997,36938.524292300004,1075783.8189020501,335858.7004,26197.0908152,3074250.071918,59212.911886099726,4571302.59392135,25.577830590852223,,
,Feb,811964.5690157099,11113.550031,624.32641528,279140.6884665,35277.71563287,1138120.84956136,344637.7004,211724.50835055,2811744.663055,60209.045015378855,4566436.766382289,27.4889012513795,,
,Mar ,841426.11874314,11614.17570223,9299.7750197,255755.55312794002,29629.434802509997,1147725.0573955202,344664.3004,182445.23273289003,2864860.330654,66374.34876155946,4606069.269943969,29.995210189127448,,
,Apr,835508.8267535999,11288.27447628,9146.29515697,251683.29466165,28818.93982098,1136445.6308694798,344660.7004,147216.93190502,2870472.423128,65779.97130888887,4564575.657611389,30.342495943003634,,
,May,1041758.71903149,11309.02879369,1292.29260409,227883.51350875,22520.348405519995,1304763.90234354,343929.7004,123461.97637,2780210.16764,67019.9627401866,4619385.7094937265,33.96236453986191,,
,Jun,1085346.7431260599,29528.29940612,1353.14709156,238614.62414847998,24598.9615161,1379441.77528832,343114.0004,124827.66617331,2835637.566175,69302.04845054727,4752323.0564871775,36.50744131303124,,
,Jul,1224353.03376065,104498.09782119001,11099.30469552,256935.41694370998,25266.053874,1622151.9070950702,344687.0004,65001.689855770004,2862044.052113,63781.563496029004,4957666.212959869,40.771162088237766,,


,(a)  The balance sheet data of the Central Bank from January 2002  is based on International Accounting Standards (IAS).  Accordingly foreign securities of the Central Bank have been,,,,,,,,,,,,,,
,       valued at current market prices since January 2002.  These data prior to January 2002 are according to local books at cost or face value whichever is less.,,,,,,,,,,,,,,
,(b)  Includes securities acquired from government institutions.,,,,,,,,,,,,,,
,"(c)  According to IAS, the amount of Sri Lanka's quota with the IMF has been taken into the Central Bank's balance sheet.",,,,,,,,,,,,,,
,"(d)  According to IAS, balance sheet of the CBSL is prepared on accrual basis and receivables show interest receivables on foreign securities.",,,,,,,,,,,,,,
,"(e)  Credit provided under ""Susahana"" refinance credit scheme is included from December 2005 to December 2016. Credit support facilities under the COVID-19 Renaissance scheme is included from May 2020.",,,,,,,,,,,,,,
,"(f)  According to IAS, government and government guaranteed securities are on fair value basis since January 2002.",,,,,,,,,,,,,,


,LIABILITIES,,,,,,,,,,,,,,
,,,,,,,,,,,,,,,Rs. Million
,End of Period,L I A B I L I T I E S,,,,,,,,,,,,,

,,Capital,,,Currency Issue,,,,Deposits,,,,,,
,,Capital,Surplus,Total,Notes in Circulation,Coins in Circulation,Total,Securities Outstanding           (i),Government,Government Agencies and Institutions,Commercial Banks,"International Organisations, Foreign Governments & Foreign Banking Institutions ",Others,Total,Other Liabilities and Accounts
,2003 Jan,15,985,1000,82726.2,3292.8,86019,0,250,17.6,37489.8,86847,537.6,125142,91029.79999999999
,Feb,15,985,1000,83676.4,3300.6,86977,0,427.8,17.8,40145.3,91596,640.9,132827.8,82005.79999999999
,Mar,15,985,1000,88156.6,3320.1,91476.7,0,164.3,17.5,40282.6,87726.4,441.2,128631.99999999999,76273.3
,Apr,15,985,1000,88023.5,3341.3,91364.8,0,223.6,16.4,37261,102147.6,657.8,140306.4,87303.20000000004
,May,15,985,1000,87172.5,3351.2,90523.7,0,515.2,16.7,41879.7,95655,625.1,138691.7,87728.56999999995
,June,15,985,1000,85901.2,3369.8,89271,0,238.6,18.4,41436.3,100354,904.9,142952.19999999998,87878.20000000004
,July,15,985,1000,85819.6,3386.8,89206.4,0,112.4,17.6,41802.2,91771.9,573.9,134277.99999999997,85741.10000000003
,Aug,15,985,1000,87651.1,3405.7,91056.8,0,307.8,16.9,44172.1,98574.4,587.5,143658.69999999998,81101.50000000003
,Sep,15,985,1000,88144.3,3426.4,91570.7,0,255.9,17.1,43012.4,96485.6,382.5,140153.5,86334
,Oct,15,985,1000,88736.6,3449.5,92186.1,0,743.4,17.3,45523.9,103077.8,896.1,150258.5,80584.30000000002
,Nov,15,985,1000,91406.9,3474.1,94880.99,0,807.3,16.8,46091.6,96329.38,700.98,143946.06000000003,84263.94999999998
,Dec,15,985,1000,95282,3503,98785,0,568.9,19.8,42641.6,113849.4,758,157837.69999999998,96959.80000000002
,2004 Jan,15,985,1000,95419.3,3525.1,98944.4,0,584.4,19.7,46916.5,101626.9,547,149694.5,91058.50000000003
,Feb,15,985,1000,98088.2,3540.8,101629,0,561.9,20.6,45118,112323.3,792.2,158816,92759.5
,Mar,15,985,1000,113357.6,3582.6,116940.1,0,452,20.2,41698.7,117336.5,750.8,160258.19999999998,90977.60000000003
,Apr,15,985,1000,103219.2,3596,106815.2,0,573,19.7,46249.5,121139.6,769.4,168751.19999999998,86864.80000000002
,May,15,985,1000,102423.2,3602.5,106025.7,0,457.2,19.8,46139.1,100339.3,647.5,147602.9,85141.99999999997
,June,15,985,1000,102040.1,3622.4,105662.5,0,728.2,4.4,45463.3,123300.8,551.1,170047.80000000002,91344.1
,July,15,985,1000,103634.1,3639.5,107273.6,0,39.2,4.1,49041,107530.1,671.2,157285.60000000003,92834.69999999998
,Aug,15,985,1000,105268.2,3650.4,108918.6,0,515.3,4.8,46926.2,118682.7,578,166707,95023.19999999998
,Sep,15,985,1000,106095,3668.4,109763.4,0,527.8,4.5,48473.2,109718.7,497.3,159221.5,100109.4
,Oct,15,985,1000,107175.7,3690,110865.7,0,539.1,3.9,50935.8,112730.9,392.6,164602.30000000002,101778.9
,Nov,15,985,1000,108819.1,3710.7,112529.8,0,553.1,4.1,51387.6,115199.3,440.4,167584.5,109002.58000000002
,Dec,15,985,1000,112173.7,3735.3,115909,0,522.7,7.3,55051.1,132918.7,458.5,188958.30000000002,108145.19999999998
,2005 Jan,15,985,1000,114802,3752,118554,0,1254.4,7.4,56086.5,100666.3,13.6,158028.2,101319.09999999998
,Feb,15,985,1000,117634.9,3764.4,121399.3,0,1567.7,7.8,53259.2,110167.4,22.4,165024.49999999997,104164.00000000003
,Mar,15,985,1000,129993.5,3779.7,133773.2,0,1517.6,7,56974.3,115875.6,21.3,174395.8,107311.29999999999
,Apr,15,985,1000,123610.1,3799.7,127409.8,0,1945.8,7.4,54444.4,132361,37.4,188796,106951.10000000003
,May,15,985,1000,119777.1,3814.1,123591.2,0,2029.8,7.9,55596.1,109454.5,4.7,167093,87740.79999999999
,June,15,985,1000,119534.4,3833.4,123367.8,0,2243.2,7.8,56441.9,127656.8,6.3,186356,93540.79999999999
,July,15,985,1000,120301,3852.7,124153.7,0,2808.5,7.8,60485.5,126649,4.3,189955.09999999998,93858.5
,Aug,15,985,1000,122513.9,3873.7,126387.6,0,2971,7.9,57893.5,132563.2,7.8,193443.4,99804.79999999996
,Sep,15,985,1000,123107.3,3888.7,126996,0,3047.2,8.2,60889.3,127121,8.5,191074.2,104982
,Oct,15,985,1000,125890.4,3910,129800.4,0,3198.5,7.9,61370.7,167726.4,6.2,232309.7,96098.99999999994
,Nov,15,985,1000,125812,3921.8,129733.8,0,3488,8,61226.5,125299.38,48.6,190070.48,98039.92000000001
,Dec,15,985,1000,128492,3944.4,132436.4,0,919.5,12.02,65483.5,137534.9,199.3,204149.21999999997,103011.28000000003
,2006 Jan,15,985,1000,127019.9,3967.1,130987,0,1548.4,25.6,65850.5,127548.9,29.6,195003,108360.79999999999
,Feb,15,985,1000,130747.1,3989.3,134736.4,0,1130.2,25.9,68267.1,143912.5,3.3,213339,104905.69999999995
,Mar,15,985,1000,143539.2,4025.1,147564.3,0,1491.4,51.3,69553.1,141153,7.8,212256.59999999998,96388.90000000002
,Apr,15,985,1000,144902,4051.6,148953.6,0,1747.4,126.3,71065.5,142447.1,3.1,215389.4,98715.90000000005
,May,15,985,1000,136469.5,4080.2,140549.7,0,1221,27.5,71449.7,112632,12.3,185342.5,102044.79999999999
,Jun,15,985,1000,135919,4114.1,140033.1,0,1226.4,24.4,72361.1,154111,10.6,227733.50000000003,105133.09999999995
,Jul,15,985,1000,138696.4,4143.2,142839.6,0,1031,22.2,71982.9,123875.8,14.2,196926.1,104275.70000000004
,Aug,15,985,1000,140414.3,4182.7,144597,0,982.23,62.4,69235.49,154799.7,16.52,225096.34,110354.66
,Sep,15,985,1000,142194.4,4216.8,146411.2,0,1129.9,19.1,75710.1,116538.2,4.7,193402,106482.39999999997
,Oct,15,985,1000,145942.1,4248.4,150190.5,0,1156.7,19.1,75303,144859.5,10.5,221348.8,116335.90000000002
,Nov,15,985,1000,146055.85,4278.25,150334.1,0,1726.8,10.5,76282.7,133238.2,4.15,211262.35,126672.04000000001
,Dec,15,985,1000,152919,4320,157239,0,1348,8.3,82615.38,130706.18,6.6,214684.46,119926.84
,2007 Jan,15,985,1000,153166.25,4350.3,157516.55,0,1355.5,7.5,79257.8,125378.1,85,206083.90000000002,132704.05
,Feb,15,985,1000,160083.79,4375.78,164459.57,0,1256.7,7.3,77829.16,144801.55,3.95,223898.66,124390.09
,Mar,15,985,1000,168752.19,4405.13,173157.32,0,1163.13,6,79790.7,135366.98,13.42,216340.23,124212.76999999999
,Apr,15,985,1000,163674.66,4427.59,168102.25,0,1731.2,6.1,81228.57,160057,3.58,243026.44999999998,143266.45000000004
,May,15,985,1000,157170.64,4443.16,161613.8,0,1239,4,84602.63,119292.49,2.4,205140.52,132948.55000000002
,Jun,15,985,1000,155724.1,4455.4,160179.5,0,1135.5,7.5,87659.4,165646.52,5.9,254454.81999999998,128914.37999999998
,Jul,15,985,1000,158378.13,4471.82,162849.95,0,1170.3,5.7,84353.5,133655.4,6.1,219191,142325.64999999997
,Aug,15,985,1000,159683.1,4534.79,164217.89,0,1042.6,4.4,92841.44,155476.2,4.75,249369.39,138704.87
,Sep,15,985,1000,164462.9,4523.12,168986.02,0,1286.58,5.8,87723.11,131810.5,8.48,220834.47,146810.24999999997
,Oct,15,985,1000,163053.76,4537.58,167591.34,0,1274.71,3.9,88923.7,149189.3,6.4,239398.00999999998,174869.6900000001
,Nov,15,985,1000,163984.3,4559.2,168543.5,0,1558.3,2,95534.9,128378.3,2.7,225476.2,156432.8
,Dec,15,985,1000,168781.7,4581.99,173363.69,0,1413.4,2.7,91053.024,147407.2,2.263,239878.58700000003,147693.094
,2008 Jan,15,985,1000,167063.4,4599.5,171662.9,0,2067.8,2.8,88758.1,149277.9,2.3,240108.9,164279.134
,Feb,15,985,1000,171285.999,4618.098,175904.097,0,2082.911,1.2,97103.896,185459.9,5.161,284653.068,159893.82799999998
,Mar,15,985,1000,183117.108,4643.829,187760.937,7523.588,1112.3,2.3,88582.932,145087.9,6.524,242315.544,158362.87599999993
,Apr,15,985,1000,182237.488,4667.859,186905.347,0,1196.3,6.9,93288.774,153221.9,8.2,247722.07400000002,149470.51799999998
,May,15,985,1000,174857.909,4684.323,179542.23200000002,0,1209.7,6,98027.709,135604.7,12.9,234861.009,149112.208
,Jun,15,985,1000,171726.067,4694.889,176420.956,2364.242,1200.6,6.7,94784.6,167963.6,3.5,266323.242,154494.68
,Jul,15,985,1000,178819.039,4706.67,183525.709,9011.399,1109.7,4.3,97762,176693.3,5.2,284585.89900000003,148127.5949999999
,Aug,15,985,1000,176063.5,4719.5,180783,3969.9,1097.8,3.4,101789.2,206055.5,5,312920.8,137330.12900000002
,Sep,25000,0,25000,175770.433,4740.348,180510.781,0,1220.3,3.2,99700.8,150385.9,9.9,251320.1,113964.802
,Oct,25000,0,25000,172822.87,4752.972,177575.842,0,1046,17,98510,178694,3.3,278270.3,100670.23900000006
,Nov,25000,0,25000,169695.32,4771.45,174466.77,0,1213.3,15.1,79086.9,161255.7,7,241578,105889.78099999996
,Dec,25000,0,25000,181307.106,4791.808,186098.914,0,1230.5,15.1,82311.2,177294.6,7.1,260858.50000000003,126412.64399999994
,2009 Jan,25000,0,25000,173158.887,4811.059,177969.946,0,1220.5,12.9,85786.8,120193.3,2.99,207216.49,119360.20999999996
,Feb,25000,0,25000,175109.706,4828.285,179937.991,0,1210,13.4,78146,141167,5.76,220542.16,148272.3429999999
,Mar,25000,0,25000,187857.364,4850.519,192707.883,0,1206.2,13,73630.1,108101.5,4.5,182955.3,161856.97500000003
,Apr,25000,0,25000,186473.097,4868.808,191341.905,0,1297.1,12.9,69821.8,118895.7,3.9,190031.4,154992.031
,May,25000,0,25000,185052.396,4886.852,189939.24800000002,0,1422.9,13.1,78650.7,107088.29999999999,5,187180,160998.87599999993
,Jun,25000,0,25000,180430.704,4910.503,185341.207,0,1585,14,77206,119188,3.751,197996.751,168859.14899999998
,Jul,25000,0,25000,182781.908,4931.692,187713.6,0,1549,18,87860,144471,2.498,233900.498,169937.18900000004
,Aug,25000,0,25000,187060.065845,4957.485353,192017.551198,0,1593,15,84564,232258,3.161,318433.161,179754.70997899998
,Sep,25000,0,25000,187089.576725,4981.2732,192070.849925,0,1481,14,82436,274408,7.066,358346.066,172562.389525
,Oct,25000,0,25000,192103.13628,5113.561805,197216.698085,59468.637262,2004,17,91597,271011,4.460231,424102.097493,168187.16819400003
,Nov,25000,0,25000,195391.737412,5229.047223,200620.784635,68071.456807,1954,17,87527,300931,3.782204,458504.23901099997,160820.3771900001
,Dec,25000,0,25000,212172.657658,5257.175886,217429.83354400002,78799.653732,2326,22,86086,273481,2.834162,440717.487894,138725.4396719999
,2010 Jan,25000,0,25000,215965.787062,5271.722522,221237.50958399998,72565.29388,2313,26,87926,298907,5.278515,461742.572395,167845.321658
,Feb,25000,0,25000,215860.240795,5289.051651,221149.29244599998,93312.593035,2241,46,89614,355271,7.261814,540491.854849,144664.61147499993
,Mar,25000,0,25000,234930.906,5315.471,240246.37699999998,76780.179079,2196,45,88561,240839,5.364737,408426.54381600005,160349.52351000003
,Apr,25000,0,25000,239289.259986,5356.521154,244645.78113999998,91757.473314,2194,48,80311,285081,4.412467,459395.885781,156412.70022999996
,May,25000,0,25000,230681.535316,5397.373696,236078.909012,81681.114774,2209,22,94507,245162,8.522695,423589.637469,138784.1423410001
,Jun,25000,0,25000,227086.713581,5439.536795,232526.25037599998,82783.242489,2730,22,90358,322898,5.466119,498796.70860799996,135208.46709000005
,Jul,25000,0,25000,227569.6049497,5477.913341,233047.5182907,71697.701432,2735.263437,2.707,98762.946417,330926.16809299996,9.505717,504134.29209599993,159031.24571529997
,Aug,25000,0,25000,236310.922543,5512.74979,241823.672333,89121.99599,2682,3,94971,399117,7.593384,585902.589374,164199.50706600002
,Sep,25000,0,25000,237796.029004,5543.881361,243339.91036500002,75745.232301,2518,3,95128,344730,11.3236,518135.555901,188939.39006399998
,Oct,25000,0,25000,239401.720116,5581.500124,244983.22024000002,48534.00862,2507,3,103449,402291,8.355589,556792.364209,229538.71727799985
,Nov,25000,0,25000,241653.779256,5621.029998,247274.80925400002,0,2688,9,96807,378991,5.611147,478500.611147,260180.1136990001
,Dec,25000,0,25000,249976.795891,5675.420917,255652.216808,95054.890849,3083,6,104853,357069,5.695425,560071.5862740001,144682.74062199984
,2011 Jan,25000,0,25000,247498.604322,5724.548814,253223.153136,0,3056,27,109636,352265,6.556064,464990.556064,240777.19385699998
,Feb,25000,0,25000,257631.143007,5778.652106,263409.79511300003,0,3413,22,102652,394507,5.673271,500599.673271,220513.96146499988
,Mar,25000,0,25000,277036.484791,5833.241103,282869.72589400003,0,3528,7,99263,377078,8.128558,479884.128558,226296.57945299993
,Apr,25000,0,25000,283527.343249,5878.257297,289405.600546,0,3506,8,116041,418045,4.429273,537604.429273,210506.32906999998
,May,25000,0,25000,269124.178828,5927.329979,275051.50880699995,0,3468,7,124969.750047,394533,4.104224,522981.854271,207096.41159499995
,Jun,25000,0,25000,265067.84603,5969.581488,271037.427518,0,3840,7,126149.769839,568146,4.290186,698147.060025,210302.83955200005
,Jul,25000,0,25000,269711.873414,6007.888427,275719.761841,0,3435,7,137445.011747,537891,6.686288,678784.698035,228426.66073500004
,Aug,25000,0,25000,279313.52414,6036.827081,285350.351221,0,3398,6,134580.287425,617844,4.976811,755833.264236,226597.81366999994
,Sep,25000,0,25000,277853.621166,6066.13133,283919.75249600003,0,953,1,138356.752943,535211,3.637338,674525.390281,174914.8538269999
,Oct,25000,0,25000,283258.419827,6093.890223,289352.31005000003,0,936,7,136100.121582,557147,3.949059,694194.070641,200579.78631899995
,Nov,25000,0,25000,278339.973529,6124.554347,284464.52787600004,0,1056,2,135878.785032,490494,3.329849,627434.114881,203303.153331
,Dec,25000,0,25000,287080.496087,6152.864418,293233.360505,0,1797,2,146269.185101,498543,4.383103,646615.568204,176868.271421
,2012 Jan,25000,0,25000,284673.312887,6227.798269,290901.111156,0,965,2,143995.770316,513532,2.788718,658497.559034,198946.9123539998
,Feb,25000,0,25000,290452.446679,6288.700681,296741.14736,0,957,1,142663.92921,561022,5.063733,704648.9929429999,219348.42124099995
,Mar,35000,0,35000,308980.955604,6382.526756,315363.48236,0,964,1,155781.777067,534854,4.582699,691605.3597660001,219941.446657
,Apr,35000,0,35000,303090.876587,6438.457808,309529.33439499995,0,964,446,139331.457884,650952,3.391923,791696.849807,227033.67096600006
,May,35000,0,35000,294271.120308,6495.550834,300766.671142,0,925,4,148708.933221,584510,3.08652,734151.019741,228496.59349300002
,Jun,35000,0,35000,290775.763789,6547.765876,297323.529665,0,859,4,160198.889573,697716,3.300877,858781.19045,201183.76283700007
,Jul,35000,0,35000,296487.769859,6607.150594,303094.920453,0,783,4,160313.86603,739136,2.968231,900239.834261,249520.40078500018
,Aug,35000,0,35000,303710.629315,6676.400073,310387.029388,0,740,3,162559.915313,718799,3.726901,882105.642214,219052.42257099994
,Sep,35000,0,35000,300217.1514027,6743.80159363,306960.95299633,0,689,4,166177.134452,711287,5.098146,878162.232598,214164.69103366998
,Oct,35000,0,35000,299261.325679,6797.685343,306059.011022,0,650,4,165053.446249,624335,3.181833,790045.6280820001,208400.96722600004
,Nov,35000,0,35000,297886.974287,6852.407176,304739.381463,0,749,4,172147,582407,3.778994,755310.778994,206543.29087099992
,Dec,35000,0,35000,311151.6073847,6908.534113,318060.14149769995,0,686,14,166288.377889,569454,4.253043,736446.630932,194941.13813029998
,2013 Jan,35000,0,35000,302430.171266,6947.462591,309377.63385700004,0,710.328505,13.339,174705.022832,567986.4788960001,6.061141,743421.230374,214159.74644100002
,Feb,35000,0,35000,305020.108616,6987.578032,312007.686648,0,640.9572139999999,13.705,174706.832,585732.935266,3.8718,761098.3012799999,185421.26345400012
,Mar,35000,0,35000,325213.839529,7047.155652,332260.995181,0,575.772528,1.509,180133.406645,550946.8140411032,3.902491,731661.4047051033,181486.4786018968
,Apr,35000,0,35000,321375.456049,7087.885356,328463.34140499996,0,484.538355,2.613,171821.684716,583727.2617260001,4.400463,756040.4982600001,155306.45473799994
,May,35000,0,35000,311334.778832,7110.098855,318444.877687,0,444.02657899999997,2.504,188763.921402,556757.637874,3.143961,745971.233816,126486.40341999999
,Jun,35000,0,35000,305885.8411307,7138.25936222,313024.10049292,0,467.709701,2.682,187274.437843,554677.0479967326,5.453873,742427.3314137326,96586.27115934738
,Jul,35000,0,35000,309793.4443757,7172.1150904,316965.5594661,0,498.238267,9.824,139130.649325,545477.075517,3.523583,685119.310692,113082.20962990006
,Aug,35000,0,35000,316414.4823107,7207.55143724,323622.03374794,0,462.067843,0.974,142960.91039,579766.26416,3.535705,723193.752098,140422.42688206
,Sep,35000,0,35000,315648.8762027,7237.21238934,322886.08859204,0,74.780997,15.471,142841.136488,527493.603441212,22.5484,670447.540326212,175581.343554748
,Oct,35000,0,35000,317802.3989687,7271.24496893,325073.64393763006,0,51.15446,1.42,141776.57331,578368.4163449999,7.264722,720204.828837,188698.46544836985
,Nov,35000,0,35000,316402.9784237,7325.18331339,323728.16173709003,0,307.191525,0.995,148268.100909,514621.283971,3.781926,663201.3533310001,161709.3487339099
,Dec,35000,0,35000,332382.0057517,7388.97471877,339770.98047047004,0,411.491083,4.7393,148809.893158,529238.2890812997,4.974925,678469.3875472996,192767.1584992304
,2014 Jan,35000,0,35000,328417.1017517,7426.40161876,335843.50337046,0,426.460003,21.581,149314.696183,582442.7213533182,3.58471,732209.0432493181,253826.46857822186
,Feb,35000,0,35000,333518.3952217,7464.02531954,340982.42054124,0,478.845784,14.506,153618.32297,528274.163217043,5.385343,682391.223314043,319899.49525471707
,Mar,35000,0,35000,363116.5788197,7532.32745002,370648.90626972,0,618.24059,15.5297,150887.945101,550507.66388786,5.52349,702034.9027688601,282524.4619484199
,Apr,35000,0,35000,353845.4096597,7585.5631587,361430.9728184,0,533.035014,12.418,153895.822449,606668.85116391,5.481007,761115.6076339099,339376.41558169015
,May,35000,0,35000,347503.2882657,7626.12803029,355129.41629599,0,491.61751,12.3897,144357.672199,555957.76225849,6.456871,700825.89853849,372750.64241752017
,Jun,35000,0,35000,348767.5686557,7670.57659469,356438.14525039,0,932.791396,12.255,151216.220071,546553.84385734,7.579434,698722.68975834,378655.91656527005
,Jul,35000,0,35000,364331.9200832,7734.20849111,372066.12857431,0,4751.929556,12.233,152427.30002,528353.42526553,4.922535,685549.81037653,419736.5980471601
,Aug,35000,0,35000,366261.3937842,7777.55224413,374038.94602833,0,345.660222,1.7332,158014.722749,474808.00983005,7.067959,633177.19396005,481432.2062296198
,Sep,50000,0,50000,368980.1791592,7831.4840958,376811.663255,0,7460.568377,8.179,160067.684884,442417.77333415,47.846226,610002.05182115,415047.4739738499
,Oct,50000,0,50000,374540.0525442,7887.8198169,382427.8723611,0,305.586206,8.53,165237.905387,464387.8664395499,3.455844,629943.3438765499,436523.6732873501
,Nov,50000,0,50000,384460.2785092,8028.57942429,392488.85793349,0,316.59231700000004,8.559539,159352.520497,417488.10153416,8.490206,577174.26409316,435038.44829834986
,Dec,50000,0,50000,408773.1361292,8122.22562635,416895.36175554997,0,304.648331,7.302,161009.323174,441987.39576801006,5.350129,603314.01940201,394085.88681831013
,2015 Jan,50000,0,50000,404330.8627742,8190.24116935,412521.10394354997,0,323.948883,7.39,163576.055834,407846.6338679299,2.335649,571756.3642339299,357481.9265316201
,Feb,50000,0,50000,410730.7819842,8282.99709408,419013.77907828003,0,263.710149,2.161142,163938.270271,438044.66080810997,3.624713,602252.42708311,350811.9050435098
,Mar,50000,0,50000,447393.9781892,8417.02456618,455811.00275538,0,321.568977,7.233369,163742.431101,394160.73205969995,3.57636,558235.5418666999,247556.41249987995
,Apr,50000,0,50000,440607.0509322,8532.88502717,449139.93595937,0,208.056424,2.976709,163512.428307,536125.5839489199,6.515591,699855.5609799199,188087.35969871026
,May,50000,0,50000,429167.6633912,8628.21357694,437795.87696814,0,193.312807,3.893,152012.345333,427965.2340070275,8.384984,580183.1701310276,160952.8050930699
,Jun,50000,0,50000,429752.5997212,8738.82876752,438491.42848872003,0,313.361807,2.394,169551.305961,542267.89441133,4.296232,712139.25241133,116308.11848190997
,Jul,50000,0,50000,447083.6926642,8878.11835935,455961.81102355,0,501.989217,52.526946,174317.166003,451774.38969445997,7.76887,626653.84073046,102462.01567766
,Aug,50000,0,50000,455023.3470502,9006.54735775,464029.89440795,0,474.781982,14.136782,173182.482078,494847.31650615006,6.347521,668525.06486915,56535.664155000006
,Sep,50000,0,50000,456425.5684402,9213.02758894,465638.59602914,0,518.749965,7.155133,174845.648128,594234.04701094,15.741181,769621.34141794,110817.81649973977
,Oct,50000,0,50000,455989.3221882,9393.4459826,465382.7681708,0,469.065928,4.006888,179027.717236,548127.1986607601,110.016259,727738.0049717601,132012.23842947
,Nov,50000,0,50000,456827.9545732,9533.417344564,466361.371917764,0,297.475948,535.894,184228.114155,553055.33426399,6.472483,738123.2908499901,178782.21724646573
,Dec,50000,0,50000,481969.4174282,9730.53124103,491699.94866923004,0,422.998801,5.143688,181726.731701,550504.1865814,3.075694,732662.1364654,151896.56246931013
,2016 Jan,50000,0,50000,472960.5481682,9846.43591969,482806.98408789,0,302.959083,6.634007,235747.813761,491510.6480342301,13.104588,727581.1594732301,145719.23793285736
,Feb,50000,0,50000,481225.7191782,9978.05242544,491203.77160364,0,353.7098974,153.6385416,247978.972038,612305.1709865001,12.908157,860804.3996205,108003.41113240796
,Mar,50000,0,50000,533268.3011882,10208.10818859,543476.40937679,0,400.312005,6.836439,248134.902153,584621.0517510899,5.086186,833168.18853409,85356.60947115009
,Apr,50000,0,50000,511829.267473,10370.876355,522200.143828,0,278.73664807,6.62946293,240895.180253,568271.34796646,4.526382,809456.4207124601,90010.5511092078
,May,50000,0,50000,496789.901518,10469.26484681,507259.16636481,0,482.005879,6.596407,226002.387834,510931.3896444001,6.0659,737428.4456644001,87548.20026245795
,Jun,50000,0,50000,496946.840202,10596.647359,507543.487561,0,466.85722707,6.41353293,249609.428798,454217.73359468003,3.586949,704304.0201016801,103803.25129391009
,Jul,50000,0,50000,506912.060842,10693.196702,517605.257544,0,353.46299783,5.40963317,256885.024318,650021.9277298698,4.944684,907270.7693628699,88972.44847870804
,Aug,50000,0,50000,510851.766037,10789.749738,521641.515775,0,318.3580266,5.6506084,264043.884614,719959.7560934401,4.260729,984331.91007144,102001.06851765979
,Sep,50000,0,50000,513303.575132,10911.464336,524215.039468,0,421.95904702,16.70046198,269504.642305,554233.92985401,4.667766,824181.89943401,93145.00681876997
,Oct,50000,0,50000,509259.5963072,11039.65991206,520299.25621926,0,360.28950008,16.67029792,272440.471126,520390.87331305,15.737235,793224.04147205,91924.91318338003
,Nov,50000,0,50000,507408.320058,11184.614346,518592.934404,0,298.27021808,16.03515892,280359.090909,480960.37804844,4.148925,761637.92325944,97958.81839566992
,Dec,50000,0,50000,541459.6519782001,11318.213489579999,552777.86546778,0,333.30183608,117.58178892,303251.290266,491220.93458258,3.866964,794926.9754375801,131505.25621097488
,2017 Jan,50000,0,50000,523030.0827082,11452.86046902,534482.94317722,0,345.93066036,17.09764964,293969.055126,452063.0204703697,11.11959,746406.2234963698,124648.371491055
,Feb,50000,0,50000,534237.8236432,11557.1188915,545794.9425347,0,276.71972836,17.19514964,301816.099122,513439.92560947005,8.545744,815558.4853534701,89952.67823116505
,Mar,50000,0,50000,572268.5646182,11801.263299,584069.8279171999,0,248.56913035999997,17.30272864,308076.603317,368069.44796535664,6.451675,676418.3748163566,104784.94072028529
,Apr,50000,0,50000,568151.676858,11914.490942,580066.1677999999,0,404.4646956,16.1418314,305477.375687,367646.82341040997,18.014196,673562.81982041,93592.46242034482
,May,50000,0,50000,548549.423096,12023.057773,560572.480869,0,306.0364246,15.7518314,299205.820009,596348.7595704801,9.107425,895885.4752604802,98316.83524914482
,Jun,50000,0,50000,550654.9829962,12115.1672943,562770.1502905,0,194.9797826,14.7608314,328854.267846,687642.78086153,3.632484,1016710.4218055299,107895.88065081555
,Jul,50000,0,50000,553234.1588112,12216.92719015,565451.08600135,0,258.04668899999996,15.7925,329163.279462,578940.9997095095,3.965574,908382.0839345097,109996.65931500471
,Aug,50000,0,50000,569374.5399812,12320.0221816,581694.5621628,0,308.30588584000003,12.60378416,329682.27952,572713.87886653,5.020406,902722.08846253,139650.3401088002
,Sep,50000,0,50000,561928.7232612,12426.08595643,574354.80921763,0,264.19798584,17.76177416,334633.740739,590820.1203105261,4.258718,925740.0795275262,123932.54141008994
,Oct,50000,0,50000,562544.8107342,12499.89749083,575044.70822503,0,515.47219624,23.75486976,340312.655276,505833.78837230237,5.042726,846690.7134403023,129412.07529502036
,Nov,50000,0,50000,562988.1327592,12611.78256404,575599.91532324,0,539.9936048,23.6686512,335993.700219,469794.9033948873,7.265403,806359.5312728874,135118.9135970394
,Dec,50000,0,50000,585327.577344,12726.323673,598053.901017,0,297.3257228,27.1906512,341712.198338,482312.41461061366,4.022326,824353.1516486136,132426.47283270024
,2018 Jan,50000,0,50000,575095.3040742,12838.06093416,587933.36500836,0,235.7164145,26.8157055,342023.07686,497379.7688497384,5.995422,839671.3732517384,174162.53301427
,Feb,50000,0,50000,580069.1450752,12912.58999761,592981.73507281,0,241.52376069999997,24.1082263,345128.233749,490171.47358951013,3.485225,835568.8245505102,161430.06951886998
,Mar,50000,0,50000,626346.7702852,13085.39830573,639432.1685909299,0,292.5399937,25.3382263,357787.574117,447680.3017278219,3.797861,805789.5519258219,113484.03730266984
,Apr,50000,0,50000,622642.9475452,13195.68062708,635838.62817228,0,305.2000647,23.5268323,364199.233403,896293.3571066741,3.551095,1260824.8685016742,116497.31494553993
,May,50000,0,50000,598172.59645,13276.950178,611449.546628,0,415.79939094,23.33361606,361896.306148,709026.7011617442,17.579238,1071379.7195547444,118167.5496914098
,Jun,50000,0,50000,610897.3856452,13340.14545927,624237.53110447,0,347.41876094,28.06198006,374366.794706,754951.9320454072,4.853793,1129699.0612854073,119274.81508923974
,Jul,50000,0,50000,606159.7892352,13420.53990974,619580.32914494,0,334.39890835,28.08321865,381775.341779,563513.109746732,3.729807,945654.6634597321,151562.72989688022
,Aug,50000,0,50000,606098.6760552,13488.83399951,619587.5100547101,0,297.94415323,118.09932977,385007.608495,606333.027312402,4.418111,991761.097401402,145310.0274026799
,Sep,50000,0,50000,610017.7215602,13562.19611338,623579.91767358,0,305.990221227,107.051405773,386854.810991,532738.4255179304,16.46874,920022.7468759305,158557.17854949995
,Oct,50000,0,50000,599950.7364202,13639.47534084,613590.2117610399,0,211.18506616,62.90952084,384774.969312,729754.770344504,21.180182,1114825.014425504,193499.25443658023
,Nov,50000,0,50000,606710.19147,13719.477308,620429.6687779999,0,296.86290653000003,100.06184047,321077.072373,679379.8860601297,4.849599,1000858.7327791296,223108.70036181482
,Dec,50000,0,50000,627120.253353,13822.256442,640942.5097950001,0,301.09859265,47.61990935,320106.182918,652079.7724829307,18.333385,972553.0072879307,253943.21714217658
,2019 Jan,50000,0,50000,612262.6175382,13900.51965234,626163.13719054,0,354.19009597999997,47.88844302,322917.501909,558956.2172142663,6.589978,882282.3876402663,235105.82168894727
,Feb,50000,0,50000,622051.1523332,13971.40321205,636022.55554525,0,218.84054698,47.39988702,326968.51194,528533.06766949,9.049349,855776.86939249,231914.81978263007
,Mar,50000,0,50000,673494.7578482,14143.51539791,687638.2732461101,0,357.51774289,47.13147611,275252.894656,788943.2706853187,12.71581,1064613.5303703188,229692.7348000349
,Apr,50000,0,50000,663118.4387812,14255.83802837,677374.27680957,0,371.45764360000004,45.0452314,246809.612689,634869.1633519117,24.844684,882120.1235999117,279587.43052407005
,May,50000,0,50000,608442.1137262,14311.50337695,622753.61710315,0,445.69029649,42.68394151,226623.804613,551042.8884499979,20.85143,778175.918730998,305938.20823895093
,Jun,50000,0,50000,607189.2755892,14365.53699924,621554.81258844,0,260.85947433999996,78.13808166,252900.1047506,912667.8070842556,8.498634,1165915.4080248557,303055.21024473617
,Jul,50000,0,50000,612633.6599742,14439.41399218,627073.07396638,0,281.60740488,46.89059512,261299.237425,811607.0802715258,6.612411,1073241.428107526,279454.0961044398
,Aug,50000,0,50000,631639.6511592,14506.06031122,646145.71147042,0,434.74144824999996,99.99577275,267171.853675,842183.2142442053,6.537073,1109896.3422132053,282249.469056119
,Sep,50000,0,50000,635424.1901692,14586.96501408,650011.15518328,0,277.34376645,65.84943355,264590.482512,690325.0460018034,125.455474,955384.1771878033,314408.786205051
,Oct,50000,0,50000,634603.4125092,14669.38259193,649272.79510113,0,281.78871770999996,54.39797929,259031.128313,706159.1811166129,10.711821,965537.2079476129,305662.98765598866
,Nov,50000,0,50000,642972.4776892,14745.21864522,657717.69633442,0,392.80106735000004,53.62037565,261141.860594,638728.3982796211,6.037166,900322.7174826212,303738.06098697986
,Dec,50000,0,50000,663139.4095792,14827.74072677,677967.15030597,0,443.95033441,55.68853959,254581.619737,613812.9493354381,7.598701,868901.8066474381,322548.48216637643
,2020 Jan,50000,0,50000,653146.1778742,14896.22799596,668042.4058701601,0,454.77918381,106.61432719,267408.957306,601668.9271279543,6.061621,869645.3395659543,320260.73550377623
,Feb,50000,0,50000,668767.9010792,14968.99658372,683736.89766292,0,271.31650464,106.00774636,279439.936805,646376.1471399586,11.022759,926204.4309549585,337274.518662394
,Mar,50000,0,50000,790149.0730542,15041.27610637,805190.3491605701,0,772.77858764,107.17660836,208499.444598,600623.4663967488,6.033045,810008.8992357488,396965.6503236552
,Apr,50000,0,50000,806126.7091942,15043.24758504,821169.95677924,0,472.04025564,107.17060836,200312.310002,623682.5691075086,8.311112,824582.4010855086,488359.8244889057
,May,50000,0,50000,786112.7503442,15070.89215622,801183.64250042,0,529.45520364,106.57060836,195249.179304,608136.6883938472,12.271601,804034.1651108472,423451.4419422357
,Jun,50000,0,50000,753828.6853191999,15112.34884145,768941.0341606499,0,607.18730428,106.04840772,99905.635055,580464.1013926105,10.018194,681092.9903536105,512084.42336897505
,Jul,50000,0,50000,753190.079275,15195.0978071,768385.1770821001,0,711.72055812,112.96851588,110333.661248,732104.5580946442,6.184518,843269.0929346442,481776.2793060574
,Aug,50000,0,50000,752726.4122402,15264.35867586,767990.77091606,0,815.36861718,114.45340782,111723.198877,829493.0389962371,6.704646,942152.7645442372,527384.8771928065
,Sep,50000,0,50000,759984.6358802,15349.29328072,775333.92916092,0,604.09666018,31.16493282,116024.265476,1136841.8563369582,73.456383,1253574.8397889582,520395.64884637273
,Oct,50000,0,50000,795346.0879352,15400.17512572,810746.2630609199,0,708.69948297,58.47805803,117582.838651,860008.2089435658,14.514151,978372.7392865658,479403.3548251246
,Nov,50000,0,50000,799458.8461952,15437.9883864,814896.8345816,0,922.96935616,35.86246784,121324.04362,867807.0695841123,11.354587,990101.2996151122,511835.42301267525
,Dec,50000,0,50000,819298.4544052,15509.404884959999,834807.85929016,0,1430.15896206,30.35301794,129601.52093,857447.4211826187,9.189289,988518.6433816187,548270.6645231545
,2021 Jan,50000,0,50000,829203.6862061999,15564.097014879999,844767.78322108,0,1386.2111627299998,29.85753627,131099.477093,892971.7861549656,13.278433,1025500.6103799656,483977.75499343313
,Feb,50000,0,50000,837144.8516311999,15639.44896285,852784.30059405,0,562.67876168,41.12605032,125264.229523,729787.003223693,16.692666,855671.730224693,528784.4548640021
,Mar,50000,0,50000,884787.2995061999,15831.12147734,900618.4209835399,0,1043.74747679,41.15990721,127939.768945,621864.8175619179,11.260893,750900.754783918,515595.6319467025
,Apr,50000,0,50000,895143.2001511999,15938.959518950001,911082.1596701499,0,860.2446294599999,36.32878054,120025.892453,672442.2738507392,7.336823,793372.0765367392,495857.2823541728
,May,50000,0,50000,904373.0495211999,15962.13393367,920335.1834548699,0,844.63333289,31.87932711,115642.949058,704403.5839143749,7.096145,820930.1417773749,485527.41387171275
,Jun,50000,0,50000,934100.0448311999,15983.39765594,950083.44248714,0,826.67937164,29.56596636,114951.245395,625867.9025807442,17.442489,741692.8358027443,539440.4403897026
,Jul,50000,0,50000,926756.7922911999,16047.25920021,942804.0514914099,0,1027.23087486,29.10345814,121032.78004,742307.8627235108,237.752606,864634.7297025109,466905.27888504276
,Aug,50000,0,50000,951037.7953501999,16113.554025739999,967151.3493759399,0,993.78481186,28.99795814,122085.289882,956150.3068116,6.567782,1079264.9472456,459732.3910393624
,Sep,50000,0,50000,980218.8512001999,16160.99961382,996379.8508140199,0,1125.78678786,31.74795814,299544.189729,798079.7008047275,6.001268,1098787.4265477275,472644.2119539529
,Oct,50000,0,50000,971326.1210601999,16247.184747950001,987573.30580815,0,1393.39892875,36.61895725,298830.964411,829237.9447938504,8.73794,1129507.6650308503,536341.924781323
,Nov,50000,0,50000,953026.9864952,16367.40304552,969394.3895407199,0,1307.40459276,30.76955624,318377.711316,805743.6191293984,7.552339,1125467.0569333984,552197.6970491442
,Dec,50000,0,50000,988627.5614201999,16471.504784549998,1005099.06620475,0,1386.84033838,5.46067262,300704.162128,1132139.2352779103,8.700516,1434244.39893291,556934.6924962313
,2022 Jan,50000,0,50000,1008734.9463202,16566.94990184,1025301.8962220399,0,759.3484863799999,3.37369062,312184.223858,1259326.1631415498,7.315293,1572280.42446955,561482.0078125414
,Feb,50000,0,50000,1013005.2307102,16668.03936691,1029673.27007711,0,695.40107679,28.09594521,294533.079087,1309157.6894592599,9.505556,1604423.7711242598,483197.8405887312
,Mar,50000,0,50000,1082406.4499752,16918.02132163,1099324.47129683,0,1175.00833977,19.48640323,287356.17182346,1992921.16145175,22.451688,2281494.27970621,199055.81352979084
,Apr,50000,0,50000,1153678.4779502,16998.6086671,1170677.0866173,0,1063.1335582200002,19.53752378,311108.32033,2330074.1402519797,7.512731,2642272.64439498,61639.41148647107
,May,50000,0,50000,1138653.3699852,17058.06798711,1155711.43797231,0,977.65671257,27.50788343,259111.11249817003,2492194.43236121,5.430741,2752316.14019638,54012.65699941106
,Jun,50000,0,50000,1097638.9681602,17137.51395596,1114776.48211616,0,885.86042157,23.21982843,337796.69848301,2543749.7869592896,16.090966,2882471.6566582997,134479.09529669117
,Jul,50000,0,50000,1107175.8730452,17188.83455796,1124364.70760316,0,992.07121857,20.14170643,312062.73751419,2598706.2387597305,14.832078,2911796.0212769206,229401.24806055147
,Aug,50000,0,50000,1062473.9808202,17262.998772299998,1079736.9795925,0,615.50751473,55.03952527,306455.6321461,2570376.93171206,7.098736,2877510.2096341597,361781.6251981016
,Sep,50000,0,50000,1026583.2867151999,17335.287856029998,1043918.57457123,0,686.39424297,15.05855503,334644.94424663,2555253.26850124,97.998303,2890697.6638488695,381491.0202069306
,Oct,50000,0,50000,1008644.9059752,17386.94656313,1026031.85253833,0,432.96523038000004,15.08780962,315633.57691088,2580260.7971244203,14.347431,2896356.7745063,416616.38258359954
,Nov,50000,0,50000,988351.7735402,17426.44993273,1005778.22347293,0,251.60637407000002,12.47606793,312702.56015369,2599279.2678661393,17.984626,2912263.895087829,451996.77385635255
,Dec,50000,0,50000,1009093.7249451999,17473.52757131,1026567.25251651,0,209.78315934,11.62803066,322809.70148391,2604974.6989106103,12.360504,2928018.17208852,505761.6772862398
,2023 Jan,50000,0,50000,1012632.6139951999,17520.790197830003,1030153.4041930299,0,708.255809,8.267561,559557.47431104,2615483.61564001,11.822896,3175769.43621705,315379.7535112705
,Feb,50000,0,50000,1008703.2318182,17556.69341018,1026259.92522838,0,1387.91650896,7.96853604,478416.84252408,2634193.03155726,26.570885,3114032.33001134,376144.5111425691
,Mar,50000,0,50000,1092458.4238882,17650.46211296,1110108.88600116,0,294.31495926,9.37318774,314092.96669897996,2401818.75321875,36.815454,2716252.22351873,729708.1604240793
,Apr,50000,0,50000,1086692.7161982,17705.88315053,1104398.59934873,0,843.71303481,31.49720319,312643.8330005,2327434.95346766,40.113247,2640994.1099531604,769182.9483094984
,May,50000,0,50000,1054573.0708182,17753.520956790002,1072326.59177499,0,399.20503812000004,23.88019188,486773.82474643,2282245.26000198,24.705872,2769466.87585041,727592.2418683264
,Jun,50000,0,50000,1105530.0264782,17786.696063580002,1123316.72254178,0,190.01014352,14.91452048,312479.23018585,2342469.44069614,51.88362,2655205.47916599,923800.8547794074
,Jul,50000,0,50000,1078189.5119882,17828.28615205,1096017.79814025,0,271.5552883,20.1701767,277744.28150281,2604588.5017518,32.383806,2882656.89252561,928991.5222940091

,(i) Central Bank's own securities issued under Section 91(1)(b) of the Monetary Law Act.,,,,,,,,,,,,Source : Central Bank of Sri Lanka,,

,Note: Valuation changes arising from changes in the exchange rate have led to significant changes in monetary and credit aggregates during the period starting from March 2022.  ,,,,,,,,,,,,,,

